"Station","Date","Time","Precip","type","Air max","min","obs","Wx","Wind dir","speed","Bulb wet","dry","Soil max","min","Evap","Solar","ETo","RH max","min"
DAVIS.C,20170101,2359,0.00,,51,40,,,,,,,47,43,0.02,136,,,,
DAVIS.C,20170102,2359,0.00,,51,40,,,,,,,47,44,0.04,135,,,,
DAVIS.C,20170103,2359,0.67,,50,44,,,,,,,49,43,0.04,52,,,,
DAVIS.C,20170104,1000,1.05,,54,43,,,,,,,52,45,0.26,57,,,,
DAVIS.C,20170105,800,0.16,,49,35,,,,,,,49,47,0.13,250,,,,
DAVIS.C,20170106,730,0.00,,46,33,,,,,,,45,41,0.10,216,,,,
DAVIS.C,20170107,820,0.96,,59,32,,,,,,,52,40,0.16,44,,,,
DAVIS.C,20170108,2359,1.74,,60,56,,,,,,,56,42,0.05,18,,,,
DAVIS.C,20170109,2359,1.58,,58,50,,,,,,,54,50,0.04,91,,,,
DAVIS.C,20170110,820,0.97,,57,42,,,,,,,54,50,0.00,28,,,,
DAVIS.C,20170111,820,1.73,,57,48,,,,,,,54,50,0.20,196,,,,
DAVIS.C,20170112,830,0.36,,50,44,,,,,,,52,48,0.07,83,,,,
DAVIS.C,20170113,920,0.02,,57,34,,,,,,,49,44,0.04,261,,,,
DAVIS.C,20170114,835,0.00,,53,34,,,,,,,50,43,0.08,244,,,,
DAVIS.C,20170115,1015,0.00,,51,36,,,,,,,51,43,0.05,218,,,,
DAVIS.C,20170116,830,0.00,,51,33,,,,,,,50,44,0.03,227,,,,
DAVIS.C,20170117,830,0.01,,44,34,,,,,,,46,43,0.04,86,,,,
DAVIS.C,20170118,820,0.08,,50,34,,,,,,,48,37,0.02,21,,,,
DAVIS.C,20170119,905,1.15,,57,21,,,,,,,51,44,0.31,184,,,,
DAVIS.C,20170120,830,1.00,,57,40,,,,,,,52,45,0.24,133,,,,
DAVIS.C,20170121,2359,0.08,,55,45,,,,,,,51,46,0.02,167,,,,
DAVIS.C,20170122,2359,0.95,,56,44,,,,,,,52,46,0.15,184,,,,
DAVIS.C,20170123,740,0.77,,54,33,,,,,,,51,47,0.14,246,,,,
DAVIS.C,20170124,845,0.01,,53,39,,,,,,,52,46,0.06,263,,,,
DAVIS.C,20170125,830,0.00,,55,43,,,,,,,49,48,0.03,222,,,,
DAVIS.C,20170126,830,0.00,,56,36,,,,,,,50,43,0.03,39,,,,
DAVIS.C,20170127,800,0.00,,58,39,,,,,,,50,44,0.12,300,,,,
DAVIS.C,20170128,855,0.00,,58,34,,,,,,,50,43,0.09,307,,,,
DAVIS.C,20170129,850,0.00,,60,33,,,,,,,50,42,0.08,280,,,,
DAVIS.C,20170130,810,0.00,,61,33,,,,,,,51,43,0.04,284,,,,
DAVIS.C,20170131,755,0.00,,57,34,,,,,,,50,43,0.05,244,,,,
DAVIS.C,20170201,800,0.00,,53,37,,,,,,,48,43,0.05,88,,,,
DAVIS.C,20170202,800,0.35,,62,41,,,,,,,52,45,0.04,112,,,,
DAVIS.C,20170203,800,1.73,,60,36,,,,,,,54,46,0.39,149,,,,
DAVIS.C,20170204,840,0.34,,59,50,,,,,,,55,50,0.28,109,,,,
DAVIS.C,20170205,850,0.02,,60,47,,,,,,,56,51,0.04,185,,,,
DAVIS.C,20170206,800,0.65,,58,48,,,,,,,58,50,0.05,81,,,,
DAVIS.C,20170207,815,1.28,,65,56,,,,,,,61,52,0.18,174,,,,
DAVIS.C,20170208,800,0.35,,64,56,,,,,,,63,53,0.11,79,,,,
DAVIS.C,20170209,800,0.08,,62,57,,,,,,,64,55,0.00,42,,,,
DAVIS.C,20170210,800,0.42,,65,52,,,,,,,73,56,0.07,248,,,,
DAVIS.C,20170211,835,0.00,,62,45,,,,,,,57,53,0.14,353,,,,
DAVIS.C,20170212,840,0.00,,61,45,,,,,,,56,50,0.25,360,,,,
DAVIS.C,20170213,800,0.00,,62,38,,,,,,,56,50,0.05,255,,,,
DAVIS.C,20170214,800,0.00,,68,40,,,,,,,56,50,0.10,365,,,,
DAVIS.C,20170215,800,0.00,,61,43,,,,,,,57,50,0.10,138,,,,
DAVIS.C,20170216,800,0.12,,61,50,,,,,,,60,52,0.03,313,,,,
DAVIS.C,20170217,800,0.22,,58,50,,,,,,,56,54,0.12,42,,,,
DAVIS.C,20170218,850,1.17,,60,43,,,,,,,63,53,0.23,180,,,,
DAVIS.C,20170219,845,0.95,,55,46,,,,,,,55,52,0.08,160,,,,
DAVIS.C,20170220,850,0.80,,58,51,,,,,,,60,51,0.18,55,,,,
DAVIS.C,20170221,810,0.95,,61,42,,,,,,,57,52,0.09,265,,,,
DAVIS.C,20170222,800,0.01,,58,39,,,,,,,57,50,0.09,358,,,,
DAVIS.C,20170223,800,0.00,,55,34,,,,,,,56,47,0.11,389,,,,
DAVIS.C,20170224,800,0.00,,54,32,,,,,,,55,46,0.09,341,,,,
DAVIS.C,20170225,840,0.00,,55,35,,,,,,,55,45,0.15,393,,,,
DAVIS.C,20170226,935,0.00,,60,32,,,,,,,54,46,0.11,418,,,,
DAVIS.C,20170227,800,0.00,,56,36,,,,,,,55,45,0.10,431,,,,
DAVIS.C,20170228,800,0.00,,60,34,,,,,,,57,46,0.09,433,,,,
DAVIS.C,20170301,800,0.00,,65,36,,,,,,,57,46,0.06,441,,,,
DAVIS.C,20170302,800,0.00,,68,36,,,,,,,59,46,0.21,448,,,,
DAVIS.C,20170303,800,0.00,,66,40,,,,,,,60,48,0.11,352,,,,
DAVIS.C,20170304,845,0.00,,63,43,,,,,,,59,49,0.17,363,,,,
DAVIS.C,20170305,850,0.34,,52,20,,,,,,,57,51,0.20,373,,,,
DAVIS.C,20170306,800,0.06,R,55,38,,,,,,,53,48,0.05,342,,,,
DAVIS.C,20170307,800,0.04,,58,36,,,,,,,55,47,0.07,271,,,,
DAVIS.C,20170308,800,0.00,,68,43,,,,,,,60,42,0.04,450,,,,
DAVIS.C,20170309,800,0.00,,75,45,,,,,,,63,49,0.13,425,,,,
DAVIS.C,20170310,800,0.00,,74,51,,,,,,,62,52,0.16,290,,,,
DAVIS.C,20170311,835,0.00,,76,45,,,,,,,66,55,0.12,430,,,,
DAVIS.C,20170312,830,0.00,,80,48,,,,,,,68,54,0.13,497,,,,
DAVIS.C,20170313,900,0.00,,78,45,,,,,,,68,56,0.21,499,,,,
DAVIS.C,20170314,900,0.00,,82,46,,,,,,,71,57,0.20,486,,,,
DAVIS.C,20170315,900,0.00,,73,48,,,,,,,67,58,0.10,264,,,,
DAVIS.C,20170316,800,0.00,,75,51,,,,,,,70,59,0.17,419,,,,
DAVIS.C,20170317,800,0.00,,79,47,,,,,,,72,59,0.07,475,,,,
DAVIS.C,20170318,825,0.00,,72,51,,,,,,,67,60,0.27,235,,,,
DAVIS.C,20170319,820,0.00,,74,52,,,,,,,71,60,0.15,365,,,,
DAVIS.C,20170320,800,0.00,,66,52,,,,,,,66,60,0.12,212,,,,
DAVIS.C,20170321,800,0.95,,67,58,,,,,,,66,61,0.11,449,,,,
DAVIS.C,20170322,800,1.38,,64,50,,,,,,,66,59,0.10,381,,,,
DAVIS.C,20170323,800,0.00,,69,41,,,,,,,65,55,0.12,496,,,,
DAVIS.C,20170324,2359,0.05,,56,51,,,,,,,59,55,0.10,117,,,,
DAVIS.C,20170325,2359,0.18,,65,48,,,,,,,59,57,0.18,437,,,,
DAVIS.C,20170326,2359,0.00,,63,47,,,,,,,62,56,0.13,309,,,,
DAVIS.C,20170327,2359,0.00,,66,45,,,,,,,62,56,0.22,550,,,,
DAVIS.C,20170328,2359,0.00,,72,50,,,,,,,63,57,0.25,550,,,,
DAVIS.C,20170329,2359,0.00,,77,48,,,,,,,62,57,0.27,524,,,,
DAVIS.C,20170330,2359,0.02,,70,44,,,,,,,63,57,0.24,464,,,,
DAVIS.C,20170331,2359,0.00,,71,51,,,,,,,69,59,1.58,578,,,,
DAVIS.C,20170401,2359,0.00,,77,54,,,,,,,74,59,0.46,555,,,,
DAVIS.C,20170402,820,0.00,,82,49,,,,,,,75,60,0.22,572,,,,
DAVIS.C,20170403,800,0.00,,77,48,,,,,,,74,62,0.35,600,,,,
DAVIS.C,20170404,800,0.00,,76,50,,,,,,,75,62,0.43,503,,,,
DAVIS.C,20170405,800,0.00,,75,49,,,,,,,74,63,0.18,423,,,,
DAVIS.C,20170406,800,0.00,,62,53,,,,,,,67,64,0.19,159,,,,
DAVIS.C,20170407,800,1.10,,63,52,,,,,,,63,59,0.21,265,,,,
DAVIS.C,20170408,820,0.71,,59,44,,,,,,,63,56,0.12,417,,,,
DAVIS.C,20170409,820,0.07,,63,40,,,,,,,66,55,0.11,573,,,,
DAVIS.C,20170410,800,0.00,,74,41,,,,,,,67,56,0.14,544,,,,
DAVIS.C,20170411,800,0.00,,66,47,,,,,,,64,55,0.08,229,,,,
DAVIS.C,20170412,800,0.01,,67,52,,,,,,,64,58,0.14,326,,,,
DAVIS.C,20170413,800,0.09,,63,48,,,,,,,64,57,0.25,431,,,,
DAVIS.C,20170414,800,0.23,,65,39,,,,,,,64,54,0.18,616,,,,
DAVIS.C,20170415,820,0.00,,71,40,,,,,,,67,54,0.20,539,,,,
DAVIS.C,20170416,825,0.00,,59,47,,,,,,,60,55,0.18,128,,,,
DAVIS.C,20170417,800,0.37,,63,48,,,,,,,62,58,0.01,173,,,,
DAVIS.C,20170418,800,0.05,,70,53,,,,,,,69,58,0.04,545,,,,
DAVIS.C,20170419,800,0.01,,70,43,,,,,,,67,57,0.20,674,,,,
DAVIS.C,20170420,800,0.05,,71,49,,,,,,,68,57,0.23,630,,,,
DAVIS.C,20170421,800,0.00,,81,49,,,,,,,68,58,0.20,637,,,,
DAVIS.C,20170422,840,0.00,,74,49,,,,,,,67,58,0.28,414,,,,
DAVIS.C,20170423,830,0.00,,76,47,,,,,,,71,58,0.17,633,,,,
DAVIS.C,20170424,800,0.00,,69,54,,,,,,,68,59,0.25,378,,,,
DAVIS.C,20170425,800,0.00,,73,49,,,,,,,72,61,0.18,510,,,,
DAVIS.C,20170426,800,0.00,,73,55,,,,,,,73,61,0.19,404,,,,
DAVIS.C,20170427,800,0.00,,77,49,,,,,,,76,63,0.19,623,,,,
DAVIS.C,20170428,800,0.00,,74,54,,,,,,,73,65,0.32,667,,,,
DAVIS.C,20170429,840,0.00,,83,47,,,,,,,73,66,0.57,677,,,,
DAVIS.C,20170430,850,0.00,,87,46,,,,,,,80,65,0.39,658,,,,
DAVIS.C,20170501,800,0.00,,90,59,,,,,,,81,65,0.27,665,,,,
DAVIS.C,20170502,800,0.00,,91,65,,,,,,,83,69,0.56,660,,,,
DAVIS.C,20170503,800,0.00,,91,70,,,,,,,87,72,0.43,658,,,,
DAVIS.C,20170504,800,0.00,,91,59,,,,,,,87,74,0.28,603,,,,
DAVIS.C,20170505,800,0.00,,85,53,,,,,,,85,73,0.37,662,,,,
DAVIS.C,20170506,830,0.00,,71,44,,,,,,,81,71,0.42,602,,,,
DAVIS.C,20170507,835,0.00,,78,36,,,,,,,83,71,0.37,665,,,,
DAVIS.C,20170508,800,0.00,,87,49,,,,,,,84,71,0.33,670,,,,
DAVIS.C,20170509,800,0.00,,93,51,,,,,,,86,71,0.31,683,,,,
DAVIS.C,20170510,800,0.00,,75,55,,,,,,,83,72,0.33,671,,,,
DAVIS.C,20170511,800,0.00,,75,52,,,,,,,82,70,0.40,687,,,,
DAVIS.C,20170512,800,0.00,,74,49,,,,,,,81,69,0.36,693,,,,
DAVIS.C,20170513,830,0.00,,73,42,,,,,,,81,68,0.30,719,,,,
DAVIS.C,20170514,820,0.00,,73,44,,,,,,,79,68,0.26,618,,,,
DAVIS.C,20170515,800,0.00,,80,40,,,,,,,81,68,0.20,697,,,,
DAVIS.C,20170516,800,0.00,,70,49,,,,,,,75,68,0.38,367,,,,
DAVIS.C,20170517,800,0.00,,78,45,,,,,,,78,69,0.12,729,,,,
DAVIS.C,20170518,800,0.00,,86,47,,,,,,,81,66,0.33,731,,,,
DAVIS.C,20170519,800,0.00,,91,48,,,,,,,84,68,0.36,721,,,,
DAVIS.C,20170520,840,0.00,,94,53,,,,,,,87,70,0.44,706,,,,
DAVIS.C,20170521,840,0.00,,96,55,,,,,,,89,73,0.34,702,,,,
DAVIS.C,20170522,800,0.00,,97,57,,,,,,,89,76,0.26,706,,,,
DAVIS.C,20170523,800,0.00,,98,57,,,,,,,91,77,0.43,712,,,,
DAVIS.C,20170524,800,0.00,,85,55,,,,,,,87,78,0.28,596,,,,
DAVIS.C,20170525,800,0.00,,73,53,,,,,,,84,74,0.20,593,,,,
DAVIS.C,20170526,800,0.00,,73,51,,,,,,,83,72,0.25,703,,,,
DAVIS.C,20170527,830,0.00,,81,52,,,,,,,85,71,0.28,706,,,,
DAVIS.C,20170528,840,0.00,,87,51,,,,,,,87,71,0.25,707,,,,
DAVIS.C,20170529,840,0.00,,91,54,,,,,,,86,73,0.26,650,,,,
DAVIS.C,20170530,800,0.00,,80,53,,,,,,,84,75,0.18,595,,,,
DAVIS.C,20170531,800,0.03,,82,56,,,,,,,86,75,0.36,618,,,,
DAVIS.C,20170601,800,0.00,,87,55,,,,,,,88,75,0.30,722,,,,
DAVIS.C,20170602,800,0.00,,92,55,,,,,,,82,75,0.30,712,,,,
DAVIS.C,20170603,845,0.00,,90,58,,,,,,,82,75,0.34,629,,,,
DAVIS.C,20170604,845,0.00,,88,53,,,,,,,90,77,0.28,735,,,,
DAVIS.C,20170605,800,0.00,,92,49,,,,,,,89,77,0.35,718,,,,
DAVIS.C,20170606,800,0.00,,90,53,,,,,,,90,76,0.30,727,,,,
DAVIS.C,20170607,800,0.00,,86,55,,,,,,,86,77,0.32,483,,,,
DAVIS.C,20170608,800,0.16,,72,55,,,,,,,80,76,0.13,398,,,,
DAVIS.C,20170609,800,0.01,,77,57,,,,,,,84,74,0.18,615,,,,
DAVIS.C,20170610,830,0.00,,78,46,,,,,,,84,72,0.28,743,,,,
DAVIS.C,20170611,815,0.00,,70,45,,,,,,,77,72,0.28,474,,,,
DAVIS.C,20170612,800,0.60,,73,47,,,,,,,77,66,0.22,687,,,,
DAVIS.C,20170613,800,0.00,,83,51,,,,,,,81,66,0.08,722,,,,
DAVIS.C,20170614,800,0.00,,89,55,,,,,,,85,68,0.35,736,,,,
DAVIS.C,20170615,800,0.00,,94,55,,,,,,,88,71,0.19,724,,,,
DAVIS.C,20170616,800,0.00,,100,61,,,,,,,86,79,0.32,719,,,,
DAVIS.C,20170617,830,0.00,,100,70,,,,,,,86,79,0.43,726,,,,
DAVIS.C,20170618,845,0.00,,100,72,,,,,,,97,84,0.63,720,,,,
DAVIS.C,20170619,840,0.00,,104,70,,,,,,,98,84,0.46,701,,,,
DAVIS.C,20170620,835,0.00,,102,68,,,,,,,95,85,0.46,711,,,,
DAVIS.C,20170621,815,0.00,,105,65,,,,,,,96,83,0.42,704,,,,
DAVIS.C,20170622,815,0.00,,106,80,,,,,,,97,83,0.59,726,,,,
DAVIS.C,20170623,800,0.00,,101,66,,,,,,,95,85,0.62,727,,,,
DAVIS.C,20170624,830,0.00,,97,60,,,,,,,95,83,0.42,717,,,,
DAVIS.C,20170625,815,0.00,,90,58,,,,,,,94,82,0.42,725,,,,
DAVIS.C,20170626,800,0.00,,87,57,,,,,,,93,81,0.39,756,,,,
DAVIS.C,20170627,800,0.00,,88,55,,,,,,,93,80,0.37,750,,,,
DAVIS.C,20170628,800,0.00,,90,56,,,,,,,93,80,0.30,740,,,,
DAVIS.C,20170629,800,0.00,,93,55,,,,,,,94,81,0.39,738,,,,
DAVIS.C,20170630,800,0.00,,93,55,,,,,,,93,81,0.34,726,,,,
DAVIS.C,20170701,840,0.00,,90,54,,,,,,,93,81,0.41,731,,,,
DAVIS.C,20170702,1000,0.00,,93,54,,,,,,,94,80,0.30,740,,,,
DAVIS.C,20170703,800,0.00,,93,57,,,,,,,93,81,0.32,734,,,,
DAVIS.C,20170704,930,0.00,,94,55,,,,,,,93,80,0.42,745,,,,
DAVIS.C,20170705,800,0.00,,94,56,,,,,,,91,80,0.36,630,,,,
DAVIS.C,20170706,800,0.00,,100,56,,,,,,,93,80,0.32,701,,,,
DAVIS.C,20170707,800,0.00,,107,60,,,,,,,95,80,0.32,726,,,,
DAVIS.C,20170708,2359,0.00,,102,63,,,,,,,91,83,0.44,707,,,,
DAVIS.C,20170709,2359,0.00,,99,59,,,,,,,91,83,0.45,727,,,,
DAVIS.C,20170710,800,0.00,,95,57,,,,,,,94,83,0.51,730,,,,
DAVIS.C,20170711,800,0.00,,91,57,,,,,,,94,83,0.35,718,,,,
DAVIS.C,20170712,800,0.00,,93,57,,,,,,,94,82,0.37,713,,,,
DAVIS.C,20170713,800,0.00,,93,56,,,,,,,93,82,0.32,716,,,,
DAVIS.C,20170714,800,0.00,,95,57,,,,,,,93,82,0.40,728,,,,
DAVIS.C,20170715,825,0.00,,101,55,,,,,,,93,82,0.37,665,,,,
DAVIS.C,20170716,840,0.00,,103,67,,,,,,,95,82,0.28,717,,,,
DAVIS.C,20170717,800,0.00,,101,60,,,,,,,95,84,0.41,717,,,,
DAVIS.C,20170718,800,0.00,,89,56,,,,,,,93,83,0.44,734,,,,
DAVIS.C,20170719,800,0.00,,93,53,,,,,,,94,82,0.37,725,,,,
DAVIS.C,20170720,800,0.00,,92,56,,,,,,,94,81,0.28,711,,,,
DAVIS.C,20170721,800,0.00,,95,56,,,,,,,95,82,0.39,709,,,,
DAVIS.C,20170722,815,0.00,,101,56,,,,,,,95,82,0.41,708,,,,
DAVIS.C,20170723,815,0.00,,101,61,,,,,,,96,83,0.33,679,,,,
DAVIS.C,20170724,800,0.00,,92,61,,,,,,,94,84,0.37,706,,,,
DAVIS.C,20170725,800,0.00,,92,56,,,,,,,94,83,0.39,689,,,,
DAVIS.C,20170726,800,0.00,,96,57,,,,,,,95,82,0.33,687,,,,
DAVIS.C,20170727,800,0.00,,99,58,,,,,,,95,82,0.31,681,,,,
DAVIS.C,20170728,2359,0.00,,98,60,,,,,,,91,83,0.37,694,,,,
DAVIS.C,20170729,2359,0.00,,93,55,,,,,,,91,82,0.43,690,,,,
DAVIS.C,20170730,2359,0.00,,96,53,,,,,,,91,83,0.41,673,,,,
DAVIS.C,20170731,800,0.00,,100,59,,,,,,,95,82,0.54,648,,,,
DAVIS.C,20170801,800,0.00,,102,61,,,,,,,95,83,0.32,632,,,,
DAVIS.C,20170802,800,0.00,,101,62,,,,,,,96,84,0.41,639,,,,
DAVIS.C,20170803,800,0.00,,100,69,,,,,,,95,85,0.39,559,,,,
DAVIS.C,20170804,800,0.00,,90,70,,,,,,,91,86,0.36,355,,,,
DAVIS.C,20170805,810,0.00,,94,64,,,,,,,94,84,0.27,589,,,,
DAVIS.C,20170806,845,0.00,,90,59,,,,,,,94,84,0.34,626,,,,
DAVIS.C,20170807,800,0.00,,91,56,,,,,,,94,83,0.28,625,,,,
DAVIS.C,20170808,800,0.00,,93,56,,,,,,,94,83,0.33,624,,,,
DAVIS.C,20170809,800,0.00,,91,57,,,,,,,93,82,0.32,620,,,,
DAVIS.C,20170810,800,0.00,,93,57,,,,,,,93,83,0.28,618,,,,
DAVIS.C,20170811,800,0.00,,96,60,,,,,,,93,83,0.30,607,,,,
DAVIS.C,20170812,855,0.00,,95,60,,,,,,,93,82,0.32,624,,,,
DAVIS.C,20170813,850,0.00,,90,56,,,,,,,92,83,0.31,623,,,,
DAVIS.C,20170814,800,0.00,,82,60,,,,,,,91,83,0.32,606,,,,
DAVIS.C,20170815,800,0.00,,82,54,,,,,,,90,81,0.26,627,,,,
DAVIS.C,20170816,800,0.00,,88,55,,,,,,,90,80,0.33,598,,,,
DAVIS.C,20170817,800,0.00,,94,59,,,,,,,91,77,0.26,601,,,,
DAVIS.C,20170818,800,0.00,,95,58,,,,,,,91,51,0.28,599,,,,
DAVIS.C,20170819,850,0.00,,93,59,,,,,,,91,81,0.28,596,,,,
DAVIS.C,20170820,850,0.00,,93,58,,,,,,,91,82,0.28,574,,,,
DAVIS.C,20170821,800,0.00,,87,61,,,,,,,89,82,0.23,517,,,,
DAVIS.C,20170822,800,0.00,,94,60,,,,,,,90,81,0.25,540,,,,
DAVIS.C,20170823,800,0.00,,96,60,,,,,,,90,81,0.20,590,,,,
DAVIS.C,20170824,800,0.00,,91,57,,,,,,,89,81,0.34,594,,,,
DAVIS.C,20170825,755,0.00,,96,53,,,,,,,88,79,0.26,615,,,,
DAVIS.C,20170826,800,0.00,,105,59,,,,,,,89,78,0.14,598,,,,
DAVIS.C,20170827,800,0.00,,108,68,,,,,,,91,79,0.36,573,,,,
DAVIS.C,20170828,800,0.00,,109,59,,,,,,,92,81,0.38,588,,,,
DAVIS.C,20170829,800,0.00,,97,64,,,,,,,92,82,0.27,578,,,,
DAVIS.C,20170830,800,0.00,,98,56,,,,,,,91,82,0.32,601,,,,
DAVIS.C,20170831,800,0.00,,100,55,,,,,,,90,81,0.24,566,,,,
DAVIS.C,20170901,800,0.00,,110,67,,,,,,,90,81,0.39,507,,,,
DAVIS.C,20170902,825,0.00,,108,67,,,,,,,91,80,0.39,508,,,,
DAVIS.C,20170903,840,0.00,,104,70,,,,,,,91,82,0.28,416,,,,
DAVIS.C,20170904,845,0.00,,95,67,,,,,,,89,84,0.23,346,,,,
DAVIS.C,20170905,800,0.00,,95,49,,,,,,,92,83,0.15,493,,,,
DAVIS.C,20170906,800,0.00,,94,67,,,,,,,92,83,0.23,515,,,,
DAVIS.C,20170907,800,0.00,,78,66,,,,,,,87,83,0.38,344,,,,
DAVIS.C,20170908,800,0.00,,89,58,,,,,,,89,80,0.21,505,,,,
DAVIS.C,20170909,815,0.00,,95,58,,,,,,,89,79,0.33,524,,,,
DAVIS.C,20170910,840,0.00,,100,60,,,,,,,90,79,0.24,517,,,,
DAVIS.C,20170911,800,0.00,,100,67,,,,,,,91,80,0.28,478,,,,
DAVIS.C,20170912,800,0.00,,97,64,,,,,,,91,82,0.28,488,,,,
DAVIS.C,20170913,800,0.00,,86,65,,,,,,,90,82,0.36,502,,,,
DAVIS.C,20170914,800,0.00,,80,60,,,,,,,85,81,0.15,385,,,,
DAVIS.C,20170915,2359,0.00,,84,55,,,,,,,84,78,0.25,504,,,,
DAVIS.C,20170916,2359,0.00,,87,53,,,,,,,83,78,0.31,457,,,,
DAVIS.C,20170917,815,0.00,,86,51,,,,,,,84,77,0.22,496,,,,
DAVIS.C,20170918,800,0.00,,86,56,,,,,,,83,76,0.28,417,,,,
DAVIS.C,20170919,800,0.00,,81,52,,,,,,,82,75,0.26,469,,,,
DAVIS.C,20170920,800,0.00,,81,55,,,,,,,81,74,0.21,395,,,,
DAVIS.C,20170921,800,0.00,,75,49,,,,,,,80,73,0.24,482,,,,
DAVIS.C,20170922,800,0.00,,76,44,,,,,,,80,72,0.25,475,,,,
DAVIS.C,20170923,830,0.00,,81,54,,,,,,,79,72,0.11,485,,,,
DAVIS.C,20170924,830,0.00,,84,55,,,,,,,78,71,0.39,472,,,,
DAVIS.C,20170925,800,0.00,,89,55,,,,,,,78,71,0.28,475,,,,
DAVIS.C,20170926,800,0.00,,93,58,,,,,,,79,71,0.38,465,,,,
DAVIS.C,20170927,800,0.00,,93,56,,,,,,,80,72,0.39,469,,,,
DAVIS.C,20170928,845,0.00,,93,52,,,,,,,79,72,0.30,465,,,,
DAVIS.C,20170929,800,0.00,,86,53,,,,,,,79,72,0.26,410,,,,
DAVIS.C,20170930,840,0.00,,86,52,,,,,,,79,72,0.25,425,,,,
DAVIS.C,20171001,845,0.00,,83,65,,,,,,,78,72,0.33,435,,,,
DAVIS.C,20171002,800,0.00,,80,60,,,,,,,78,72,0.63,452,,,,
DAVIS.C,20171003,800,0.00,,80,45,,,,,,,75,69,0.38,430,,,,
DAVIS.C,20171004,800,0.00,,82,43,,,,,,,75,68,0.37,432,,,,
DAVIS.C,20171005,800,0.00,,85,43,,,,,,,75,68,0.24,436,,,,
DAVIS.C,20171006,800,0.00,,90,46,,,,,,,75,67,0.28,437,,,,
DAVIS.C,20171007,815,0.00,,90,46,,,,,,,75,67,0.37,420,,,,
DAVIS.C,20171008,830,0.00,,80,45,,,,,,,75,68,0.27,410,,,,
DAVIS.C,20171009,800,0.00,,84,62,,,,,,,75,69,0.70,401,,,,
DAVIS.C,20171010,800,0.00,,84,43,,,,,,,74,68,0.19,356,,,,
DAVIS.C,20171011,800,0.00,,77,48,,,,,,,72,68,0.24,366,,,,
DAVIS.C,20171012,815,0.00,,78,58,,,,,,,72,66,0.43,418,,,,
DAVIS.C,20171013,800,0.00,,80,44,,,,,,,71,65,0.37,368,,,,
DAVIS.C,20171014,900,0.00,,80,63,,,,,,,71,64,0.45,401,,,,
DAVIS.C,20171015,845,0.00,,84,43,,,,,,,70,64,0.34,388,,,,
DAVIS.C,20171016,800,0.00,,86,46,,,,,,,70,64,0.15,339,,,,
DAVIS.C,20171017,800,0.00,,83,45,,,,,,,69,64,0.20,300,,,,
DAVIS.C,20171018,800,0.00,,82,42,,,,,,,69,63,0.17,351,,,,
DAVIS.C,20171019,800,0.00,,75,52,,,,,,,69,63,0.17,302,,,,
DAVIS.C,20171020,800,0.00,,66,48,,,,,,,67,63,0.19,269,,,,
DAVIS.C,20171021,800,0.00,,73,42,,,,,,,66,60,0.16,353,,,,
DAVIS.C,20171022,840,0.00,,78,43,,,,,,,67,60,0.14,363,,,,
DAVIS.C,20171023,800,0.00,,85,53,,,,,,,69,61,0.18,348,,,,
DAVIS.C,20171024,900,0.00,,90,51,,,,,,,70,63,0.19,346,,,,
DAVIS.C,20171025,800,0.00,,88,51,,,,,,,70,64,0.16,343,,,,
DAVIS.C,20171026,810,0.00,,88,49,,,,,,,70,64,0.00,341,,,,
DAVIS.C,20171027,800,0.00,,88,50,,,,,,,68,65,0.26,340,,,,
DAVIS.C,20171028,820,0.00,,88,48,,,,,,,67,64,0.22,325,,,,
DAVIS.C,20171029,830,0.00,,83,47,,,,,,,69,64,0.15,291,,,,
DAVIS.C,20171030,800,0.00,,71,48,,,,,,,68,64,0.12,288,,,,
DAVIS.C,20171031,800,0.00,,72,41,,,,,,,66,62,0.06,307,,,,
DAVIS.C,20171101,800,0.00,,72,42,,,,,,,66,61,0.06,303,,,,
DAVIS.C,20171102,820,0.00,,70,47,,,,,,,64,61,0.13,176,,,,
DAVIS.C,20171103,800,0.00,,67,54,,,,,,,66,62,0.10,127,,,,
DAVIS.C,20171104,820,0.18,,67,54,,,,,,,65,61,0.23,194,,,,
DAVIS.C,20171105,830,0.00,,63,37,,,,,,,62,57,0.15,312,,,,
DAVIS.C,20171106,800,0.00,,65,42,,,,,,,62,57,0.06,281,,,,
DAVIS.C,20171107,800,0.00,,67,38,,,,,,,60,55,0.13,309,,,,
DAVIS.C,20171108,800,0.00,,63,41,,,,,,,59,55,0.13,81,,,,
DAVIS.C,20171109,800,0.25,,62,48,,,,,,,61,55,0.00,225,,,,
DAVIS.C,20171110,815,0.01,,68,52,,,,,,,61,58,0.17,131,,,,
DAVIS.C,20171111,845,0.01,,66,40,,,,,,,61,57,0.13,275,,,,
DAVIS.C,20171112,900,0.00,,67,43,,,,,,,60,56,0.07,252,,,,
DAVIS.C,20171113,800,0.00,,71,50,,,,,,,61,56,0.10,175,,,,
DAVIS.C,20171114,800,0.00,,66,41,,,,,,,61,57,0.07,289,,,,
DAVIS.C,20171115,800,0.14,,59,48,,,,,,,59,57,0.05,74,,,,
DAVIS.C,20171116,800,0.85,,58,50,,,,,,,59,57,0.07,56,,,,
DAVIS.C,20171117,800,0.06,,60,46,,,,,,,59,57,0.09,282,,,,
DAVIS.C,20171118,850,0.00,,62,40,,,,,,,56,53,0.25,279,,,,
DAVIS.C,20171119,840,0.00,,61,35,,,,,,,54,51,0.10,241,,,,
DAVIS.C,20171120,800,0.00,,58,45,,,,,,,56,50,0.04,51,,,,
DAVIS.C,20171121,800,0.01,,68,50,,,,,,,58,54,0.04,195,,,,
DAVIS.C,20171122,830,0.01,,68,49,,,,,,,58,54,0.09,167,,,,
DAVIS.C,20171123,800,0.00,,64,49,,,,,,,58,55,0.04,78,,,,
DAVIS.C,20171124,800,0.00,,68,50,,,,,,,60,55,0.01,207,,,,
DAVIS.C,20171125,800,0.00,,63,51,,,,,,,59,56,0.06,153,,,,
DAVIS.C,20171126,815,0.00,,63,53,,,,,,,59,57,0.01,40,,,,
DAVIS.C,20171127,800,0.13,,61,45,,,,,,,58,56,0.07,251,,,,
DAVIS.C,20171128,800,0.00,,63,38,,,,,,,56,53,0.10,243,,,,
DAVIS.C,20171129,800,0.00,,64,41,,,,,,,55,52,0.10,252,,,,
DAVIS.C,20171130,800,0.00,,65,38,,,,,,,54,51,0.05,238,,,,
DAVIS.C,20171201,800,0.00,,65,35,,,,,,,53,49,0.19,232,,,,
DAVIS.C,20171202,835,0.00,,59,37,,,,,,,52,49,0.08,162,,,,
DAVIS.C,20171203,845,0.00,,60,42,,,,,,,53,48,0.08,247,,,,
DAVIS.C,20171204,800,0.00,,61,41,,,,,,,51,49,0.15,253,,,,
DAVIS.C,20171205,800,0.00,,67,43,,,,,,,52,48,0.21,252,,,,
DAVIS.C,20171206,800,0.00,,64,30,,,,,,,50,47,0.28,243,,,,
DAVIS.C,20171207,800,0.00,,68,30,,,,,,,49,46,0.11,246,,,,
DAVIS.C,20171208,800,0.00,,63,32,,,,,,,49,45,0.13,216,,,,
DAVIS.C,20171209,840,0.00,,65,30,,,,,,,49,45,0.16,235,,,,
DAVIS.C,20171210,900,0.00,,65,29,,,,,,,48,44,0.07,230,,,,
DAVIS.C,20171211,800,0.00,,66,30,,,,,,,48,44,0.07,225,,,,
DAVIS.C,20171212,830,0.00,,64,29,,,,,,,48,44,0.11,239,,,,
DAVIS.C,20171213,815,0.00,,64,27,,,,,,,47,43,0.10,218,,,,
DAVIS.C,20171214,830,0.00,,65,29,,,,,,,47,43,0.07,226,,,,
DAVIS.C,20171215,830,0.00,,63,32,,,,,,,48,43,0.08,172,,,,
DAVIS.C,20171216,900,0.00,,62,53,,,,,,,49,43,0.25,230,,,,
DAVIS.C,20171217,820,0.00,,65,43,,,,,,,50,45,0.47,231,,,,
DAVIS.C,20171218,830,0.00,,64,34,,,,,,,48,46,0.16,215,,,,
DAVIS.C,20171219,800,0.00,,59,33,,,,,,,49,45,0.10,136,,,,
DAVIS.C,20171220,820,0.00,,59,38,,,,,,,50,44,0.11,234,,,,
DAVIS.C,20171221,815,0.00,,53,38,,,,,,,48,45,0.12,240,,,,
DAVIS.C,20171222,815,0.00,,52,29,,,,,,,46,43,0.56,163,,,,
DAVIS.C,20171223,805,0.00,,56,32,,,,,,,47,43,0.02,120,,,,
DAVIS.C,20171224,845,0.00,,55,36,,,,,,,47,44,0.04,92,,,,
DAVIS.C,20171225,800,0.00,,61,36,,,,,,,48,44,0.02,175,,,,
DAVIS.C,20171226,800,0.00,,63,31,,,,,,,48,44,0.05,225,,,,
DAVIS.C,20171227,800,0.00,,61,30,,,,,,,47,44,0.06,213,,,,
DAVIS.C,20171228,800,0.00,,63,32,,,,,,,48,44,0.05,220,,,,
DAVIS.C,20171229,900,0.00,,62,33,,,,,,,48,43,0.16,281,,,,
DAVIS.C,20171230,800,0.00,,63,31,,,,,,,47,43,0.08,197,,,,
DAVIS.C,20171231,800,0.00,,60,32,,,,,,,47,43,0.03,120,,,,
DAVIS.C,20180101,800,0.00,,67,36,,,,,,,49,43,0.06,217,,,,
DAVIS.C,20180102,830,0.00,,62,38,,,,,,,48,44,0.12,121,,,,
DAVIS.C,20180103,800,0.00,,58,40,,,,,,,49,45,0.05,82,,,,
DAVIS.C,20180104,800,0.51,,61,42,,,,,,,53,46,0.07,137,,,,
DAVIS.C,20180105,800,0.00,,63,49,,,,,,,54,49,0.03,82,,,,
DAVIS.C,20180106,800,0.04,,59,42,,,,,,,54,51,0.06,214,,,,
DAVIS.C,20180107,800,0.01,,51,39,,,,,,,49,48,0.05,46,,,,
DAVIS.C,20180108,800,0.54,,52,40,,,,,,,50,47,0.04,18,,,,
DAVIS.C,20180109,800,2.70,,60,48,,,,,,,53,48,0.01,78,,,,
DAVIS.C,20180110,800,0.07,,60,48,,,,,,,54,50,0.03,160,,,,
DAVIS.C,20180111,800,0.00,,59,43,,,,,,,53,50,0.05,146,,,,
DAVIS.C,20180112,800,0.03,,61,45,,,,,,,52,50,0.06,134,,,,
DAVIS.C,20180113,830,0.02,,56,42,,,,,,,51,49,0.04,98,,,,
DAVIS.C,20180114,845,0.00,,53,44,,,,,,,52,49,0.02,57,,,,
DAVIS.C,20180115,845,0.00,,51,45,,,,,,,53,50,0.00,72,,,,
DAVIS.C,20180116,800,0.03,,58,47,,,,,,,53,51,0.01,109,,,,
DAVIS.C,20180117,800,0.01,,59,46,,,,,,,53,51,0.02,60,,,,
DAVIS.C,20180118,815,0.00,,56,49,,,,,,,54,51,0.00,66,,,,
DAVIS.C,20180119,800,0.00,,59,44,,,,,,,53,51,0.03,259,,,,
DAVIS.C,20180120,850,0.00,,58,37,,,,,,,50,47,0.08,274,,,,
DAVIS.C,20180121,840,0.00,,54,32,,,,,,,48,45,0.10,151,,,,
DAVIS.C,20180122,800,0.09,,51,35,,,,,,,50,45,0.01,48,,,,
DAVIS.C,20180123,800,0.01,,61,33,,,,,,,52,48,0.03,245,,,,
DAVIS.C,20180124,800,0.00,,51,40,,,,,,,50,47,0.04,65,,,,
DAVIS.C,20180125,800,0.17,,55,31,,,,,,,51,47,0.03,210,,,,
DAVIS.C,20180126,800,0.17,,52,35,,,,,,,49,46,0.07,199,,,,
DAVIS.C,20180127,850,0.01,,60,36,,,,,,,52,46,0.04,271,,,,
DAVIS.C,20180128,850,0.00,,64,37,,,,,,,52,47,0.08,295,,,,
DAVIS.C,20180129,800,0.00,,59,41,,,,,,,51,47,0.05,165,,,,
DAVIS.C,20180130,800,0.00,,66,36,,,,,,,52,47,0.04,279,,,,
DAVIS.C,20180131,800,0.01,,66,39,,,,,,,51,46,0.05,300,,,,
DAVIS.C,20180201,800,0.00,,70,41,,,,,,,53,46,0.08,286,,,,
DAVIS.C,20180202,800,0.00,,73,43,,,,,,,54,48,0.07,304,,,,
DAVIS.C,20180203,840,0.00,,76,42,,,,,,,55,48,0.17,311,,,,
DAVIS.C,20180204,840,0.00,,75,45,,,,,,,56,50,0.10,287,,,,
DAVIS.C,20180205,800,0.00,,78,43,,,,,,,57,51,0.05,312,,,,
DAVIS.C,20180206,800,0.00,,74,55,,,,,,,56,51,0.19,337,,,,
DAVIS.C,20180207,800,0.00,,74,43,,,,,,,56,51,0.32,310,,,,
DAVIS.C,20180208,800,0.00,,75,42,,,,,,,56,51,0.17,329,,,,
DAVIS.C,20180209,800,0.00,,79,42,,,,,,,57,51,0.06,339,,,,
DAVIS.C,20180210,830,0.00,,70,43,,,,,,,56,51,0.18,312,,,,
DAVIS.C,20180211,850,0.00,,65,35,,,,,,,53,50,0.38,205,,,,
DAVIS.C,20180212,800,0.00,,62,35,,,,,,,53,48,0.08,468,,,,
DAVIS.C,20180213,800,0.00,,65,44,,,,,,,54,47,0.25,369,,,,
DAVIS.C,20180214,800,0.00,,69,34,,,,,,,54,48,0.19,316,,,,
DAVIS.C,20180215,800,0.00,,65,39,,,,,,,53,47,0.15,384,,,,
DAVIS.C,20180216,800,0.00,,65,35,,,,,,,52,47,0.24,377,,,,
DAVIS.C,20180217,845,0.00,,70,36,,,,,,,54,46,0.17,372,,,,
DAVIS.C,20180218,845,0.00,,62,45,,,,,,,55,47,0.13,394,,,,
DAVIS.C,20180219,845,0.00,,54,29,,,,,,,51,47,0.21,387,,,,
DAVIS.C,20180220,800,0.00,,55,29,,,,,,,49,44,0.12,342,,,,
DAVIS.C,20180221,800,0.00,,59,30,,,,,,,50,43,0.09,395,,,,
DAVIS.C,20180222,800,0.00,,60,30,,,,,,,50,44,0.12,382,,,,
DAVIS.C,20180223,800,0.05,,55,30,,,,,,,48,44,0.14,416,,,,
DAVIS.C,20180224,850,0.00,,63,28,,,,,,,48,42,0.18,346,,,,
DAVIS.C,20180225,850,0.00,,65,35,,,,,,,51,41,0.13,414,,,,
DAVIS.C,20180226,800,0.04,,56,46,,,,,,,51,44,0.16,197,,,,
DAVIS.C,20180227,800,0.01,,60,38,,,,,,,50,45,0.07,432,,,,
DAVIS.C,20180228,800,0.00,,61,30,,,,,,,50,44,0.28,329,,,,
DAVIS.C,20180301,800,0.67,,58,38,,,,,,,51,43,0.18,163,,,,
DAVIS.C,20180302,800,0.74,,53,36,,,,,,,59,46,0.18,205,,,,
DAVIS.C,20180303,850,0.23,,53,35,,,,,,,49,45,0.07,268,,,,
DAVIS.C,20180304,850,0.08,,55,31,,,,,,,51,44,0.06,394,,,,
DAVIS.C,20180305,800,0.00,,61,34,,,,,,,51,44,0.07,460,,,,
DAVIS.C,20180306,800,0.00,,67,35,,,,,,,53,44,0.15,430,,,,
DAVIS.C,20180307,800,0.00,,70,41,,,,,,,55,45,0.11,342,,,,
DAVIS.C,20180308,800,0.03,,71,47,,,,,,,58,48,0.15,354,,,,
DAVIS.C,20180309,800,0.00,,70,44,,,,,,,59,52,0.10,381,,,,
DAVIS.C,20180310,900,0.00,,64,51,,,,,,,57,52,0.14,166,,,,
DAVIS.C,20180311,830,0.00,,73,41,,,,,,,60,52,0.05,457,,,,
DAVIS.C,20180312,800,0.00,,75,47,,,,,,,61,51,0.12,361,,,,
DAVIS.C,20180313,800,0.24,,61,50,,,,,,,59,54,0.16,156,,,,
DAVIS.C,20180314,800,0.15,,61,46,,,,,,,58,54,0.08,296,,,,
DAVIS.C,20180315,800,0.02,,53,36,,,,,,,53,51,0.09,114,,,,
DAVIS.C,20180316,800,0.50,,58,47,,,,,,,55,50,0.04,309,,,,
DAVIS.C,20180317,805,0.02,,57,38,,,,,,,54,49,0.14,311,,,,
DAVIS.C,20180318,830,0.10,,60,33,,,,,,,55,48,0.08,374,,,,
DAVIS.C,20180319,800,0.00,,67,36,,,,,,,57,48,0.06,473,,,,
DAVIS.C,20180320,800,0.00,,57,45,,,,,,,55,49,0.12,114,,,,
DAVIS.C,20180321,800,0.95,,67,50,,,,,,,57,52,0.23,401,,,,
DAVIS.C,20180322,800,0.75,,66,53,,,,,,,62,53,0.08,400,,,,
DAVIS.C,20180323,800,0.00,,61,38,,,,,,,58,52,0.19,451,,,,
DAVIS.C,20180324,800,0.06,,62,42,,,,,,,58,51,0.16,498,,,,
DAVIS.C,20180325,800,0.00,,61,36,,,,,,,59,50,0.20,529,,,,
DAVIS.C,20180326,815,0.00,,66,40,,,,,,,58,50,0.11,549,,,,
DAVIS.C,20180327,800,0.00,,76,48,,,,,,,61,50,0.38,541,,,,
DAVIS.C,20180328,800,0.00,,81,45,,,,,,,65,52,0.23,545,,,,
DAVIS.C,20180329,830,0.00,,84,50,,,,,,,67,54,0.25,532,,,,
DAVIS.C,20180330,850,0.00,,83,48,,,,,,,69,57,0.25,496,,,,
DAVIS.C,20180331,815,0.00,,81,49,,,,,,,71,59,0.17,496,,,,
DAVIS.C,20180401,815,0.00,,82,45,,,,,,,72,61,0.83,557,,,,
DAVIS.C,20180402,800,0.00,,77,47,,,,,,,72,61,0.46,553,,,,
DAVIS.C,20180403,800,0.00,,80,44,,,,,,,72,61,0.24,577,,,,
DAVIS.C,20180404,800,0.00,,76,49,,,,,,,71,61,0.30,447,,,,
DAVIS.C,20180405,800,0.00,,68,52,,,,,,,67,63,0.25,222,,,,
DAVIS.C,20180406,800,0.61,,62,54,,,,,,,63,61,0.11,128,,,,
DAVIS.C,20180407,820,0.68,,71,55,,,,,,,67,61,0.02,498,,,,
DAVIS.C,20180408,840,0.00,,69,46,,,,,,,59,58,0.19,597,,,,
DAVIS.C,20180409,800,0.00,,76,45,,,,,,,67,58,0.18,548,,,,
DAVIS.C,20180410,800,0.00,,72,57,,,,,,,66,58,0.21,277,,,,
DAVIS.C,20180411,800,0.00,,64,40,,,,,,,62,59,0.15,304,,,,
DAVIS.C,20180412,800,0.04,,67,40,,,,,,,64,55,0.12,578,,,,
DAVIS.C,20180413,800,0.00,,72,43,,,,,,,66,55,0.18,615,,,,
DAVIS.C,20180414,820,0.00,,79,47,,,,,,,69,55,0.28,610,,,,
DAVIS.C,20180415,820,0.00,,68,51,,,,,,,68,58,0.31,549,,,,
DAVIS.C,20180416,800,0.04,,59,43,,,,,,,62,59,0.24,353,,,,
DAVIS.C,20180417,800,0.06,,66,37,,,,,,,65,58,0.10,550,,,,
DAVIS.C,20180418,800,0.00,,65,43,,,,,,,63,55,0.16,381,,,,
DAVIS.C,20180419,800,0.00,,73,40,,,,,,,66,56,0.18,642,,,,
DAVIS.C,20180420,800,0.00,,82,45,,,,,,,69,56,0.28,646,,,,
DAVIS.C,20180421,820,0.00,,85,47,,,,,,,72,58,0.36,638,,,,
DAVIS.C,20180422,830,0.00,,86,51,,,,,,,75,61,0.28,636,,,,
DAVIS.C,20180423,800,0.00,,87,52,,,,,,,75,64,0.24,652,,,,
DAVIS.C,20180424,800,0.00,,85,50,,,,,,,76,66,0.34,644,,,,
DAVIS.C,20180425,800,0.00,,86,45,,,,,,,76,66,0.35,653,,,,
DAVIS.C,20180426,800,0.00,,77,50,,,,,,,76,66,0.18,568,,,,
DAVIS.C,20180427,815,0.00,,72,48,,,,,,,75,65,0.23,658,,,,
DAVIS.C,20180428,835,0.00,,68,47,,,,,,,70,65,0.32,404,,,,
DAVIS.C,20180429,825,0.00,,70,45,,,,,,,71,62,0.19,489,,,,
DAVIS.C,20180430,800,0.00,,73,45,,,,,,,71,62,0.18,537,,,,
DAVIS.C,20180501,800,0.00,,80,48,,,,,,,74,63,0.21,671,,,,
DAVIS.C,20180502,800,0.00,,81,46,,,,,,,75,64,0.39,667,,,,
DAVIS.C,20180503,800,0.00,,80,49,,,,,,,76,65,0.28,659,,,,
DAVIS.C,20180504,800,0.00,,87,50,,,,,,,77,66,0.28,652,,,,
DAVIS.C,20180505,820,0.00,,81,52,,,,,,,74,67,0.24,440,,,,
DAVIS.C,20180506,815,0.00,,80,49,,,,,,,75,66,0.24,591,,,,
DAVIS.C,20180507,800,0.00,,88,49,,,,,,,78,66,0.39,687,,,,
DAVIS.C,20180508,800,0.00,,90,53,,,,,,,80,67,0.28,676,,,,
DAVIS.C,20180509,800,0.00,,82,55,,,,,,,80,70,0.33,678,,,,
DAVIS.C,20180510,800,0.00,,85,51,,,,,,,80,71,0.32,644,,,,
DAVIS.C,20180511,800,0.00,,83,55,,,,,,,78,70,0.25,691,,,,
DAVIS.C,20180512,820,0.00,,86,60,,,,,,,79,70,0.71,686,,,,
DAVIS.C,20180513,840,0.00,,80,58,,,,,,,79,70,0.40,689,,,,
DAVIS.C,20180514,800,0.00,,77,51,,,,,,,79,70,0.26,687,,,,
DAVIS.C,20180515,800,0.00,,79,52,,,,,,,79,70,0.28,681,,,,
DAVIS.C,20180516,800,0.07,,73,53,,,,,,,74,70,0.11,500,,,,
DAVIS.C,20180517,800,0.06,,83,49,,,,,,,75,70,0.20,679,,,,
DAVIS.C,20180518,800,0.00,,85,52,,,,,,,78,70,0.31,675,,,,
DAVIS.C,20180519,820,0.00,,82,53,,,,,,,78,70,0.35,696,,,,
DAVIS.C,20180520,840,0.00,,77,50,,,,,,,72,66,0.33,682,,,,
DAVIS.C,20180521,800,0.00,,86,49,,,,,,,73,66,0.23,685,,,,
DAVIS.C,20180522,800,0.00,,80,54,,,,,,,73,66,0.32,698,,,,
DAVIS.C,20180523,800,0.00,,76,55,,,,,,,72,67,0.33,705,,,,
DAVIS.C,20180524,800,0.00,,79,51,,,,,,,73,66,0.37,647,,,,
DAVIS.C,20180525,800,0.11,,79,54,,,,,,,68,66,0.27,352,,,,
DAVIS.C,20180526,830,0.02,,76,54,,,,,,,71,65,0.17,490,,,,
DAVIS.C,20180527,830,0.00,,91,51,,,,,,,74,65,0.21,725,,,,
DAVIS.C,20180528,830,0.00,,96,57,,,,,,,77,66,0.35,731,,,,
DAVIS.C,20180529,900,0.00,,100,61,,,,,,,80,69,0.40,719,,,,
DAVIS.C,20180530,800,0.00,,76,56,,,,,,,76,71,0.42,662,,,,
DAVIS.C,20180531,800,0.00,,76,51,,,,,,,75,68,0.35,633,,,,
DAVIS.C,20180601,800,0.00,,88,48,,,,,,,76,68,0.24,731,,,,
DAVIS.C,20180602,825,0.00,,97,53,,,,,,,78,68,0.37,735,,,,
DAVIS.C,20180603,835,0.00,,100,58,,,,,,,80,70,0.34,723,,,,
DAVIS.C,20180604,800,0.00,,95,57,,,,,,,81,72,0.38,744,,,,
DAVIS.C,20180605,800,0.00,,87,51,,,,,,,82,73,0.46,741,,,,
DAVIS.C,20180606,800,0.00,,83,52,,,,,,,81,73,0.33,725,,,,
DAVIS.C,20180607,800,0.00,,85,54,,,,,,,82,73,0.36,717,,,,
DAVIS.C,20180608,830,0.00,,91,52,,,,,,,83,72,0.28,727,,,,
DAVIS.C,20180609,820,0.00,,82,58,,,,,,,82,73,0.41,702,,,,
DAVIS.C,20180610,845,0.00,,85,51,,,,,,,82,73,0.43,741,,,,
DAVIS.C,20180611,800,0.00,,92,51,,,,,,,83,73,0.30,732,,,,
DAVIS.C,20180612,800,0.00,,99,57,,,,,,,87,74,0.40,726,,,,
DAVIS.C,20180613,800,0.00,,99,58,,,,,,,89,75,0.47,659,,,,
DAVIS.C,20180614,800,0.00,,91,51,,,,,,,89,77,0.41,650,,,,
DAVIS.C,20180615,800,0.00,,82,56,,,,,,,87,78,0.39,514,,,,
DAVIS.C,20180616,830,0.00,,84,51,,,,,,,86,76,0.41,526,,,,
DAVIS.C,20180617,830,0.00,,79,51,,,,,,,85,75,0.37,495,,,,
DAVIS.C,20180618,800,0.00,,90,55,,,,,,,88,75,0.30,564,,,,
DAVIS.C,20180619,800,0.00,,94,55,,,,,,,89,76,0.31,562,,,,
DAVIS.C,20180620,800,0.00,,91,54,,,,,,,89,78,0.38,599,,,,
DAVIS.C,20180621,800,0.00,,96,50,,,,,,,90,78,0.40,647,,,,
DAVIS.C,20180622,800,0.00,,103,57,,,,,,,91,77,0.38,619,,,,
DAVIS.C,20180623,810,0.00,,100,69,,,,,,,92,79,0.34,581,,,,
DAVIS.C,20180624,826,0.00,,96,64,,,,,,,93,82,0.50,565,,,,
DAVIS.C,20180625,800,0.00,,87,57,,,,,,,87,80,0.41,575,,,,
DAVIS.C,20180626,800,0.00,,91,54,,,,,,,89,79,0.35,633,,,,
DAVIS.C,20180627,800,0.00,,86,53,,,,,,,88,78,0.33,642,,,,
DAVIS.C,20180628,800,0.00,,90,54,,,,,,,88,77,0.37,652,,,,
DAVIS.C,20180629,800,0.00,,99,58,,,,,,,89,77,0.33,645,,,,
DAVIS.C,20180630,800,0.00,,102,66,,,,,,,91,78,0.57,643,,,,
DAVIS.C,20180701,800,0.00,,99,61,,,,,,,93,80,0.56,631,,,,
DAVIS.C,20180702,800,0.00,,92,59,,,,,,,92,81,0.32,601,,,,
DAVIS.C,20180703,800,0.00,,87,56,,,,,,,90,81,0.33,576,,,,
DAVIS.C,20180704,820,0.00,,79,56,,,,,,,89,79,0.34,640,,,,
DAVIS.C,20180705,800,0.00,,90,51,,,,,,,90,78,0.32,683,,,,
DAVIS.C,20180706,800,0.00,,95,62,,,,,,,88,78,0.30,443,,,,
DAVIS.C,20180707,830,0.00,,96,58,,,,,,,90,80,0.35,580,,,,
DAVIS.C,20180708,835,0.00,,96,56,,,,,,,91,80,0.35,666,,,,
DAVIS.C,20180709,800,0.00,,99,50,,,,,,,92,80,0.32,681,,,,
DAVIS.C,20180710,800,0.00,,98,60,,,,,,,93,80,0.39,688,,,,
DAVIS.C,20180711,800,0.00,,97,56,,,,,,,93,82,0.43,685,,,,
DAVIS.C,20180712,755,0.00,,97,60,,,,,,,93,82,0.42,663,,,,
DAVIS.C,20180713,800,0.04,,98,66,,,,,,,88,82,0.38,419,,,,
DAVIS.C,20180714,830,0.00,,97,62,,,,,,,92,81,0.28,650,,,,
DAVIS.C,20180715,835,0.00,,94,60,,,,,,,93,80,0.40,672,,,,
DAVIS.C,20180716,800,0.00,,99,57,,,,,,,91,82,0.31,690,,,,
DAVIS.C,20180717,745,0.00,,99,57,,,,,,,92,80,0.48,699,,,,
DAVIS.C,20180718,755,0.00,,101,59,,,,,,,93,80,0.30,684,,,,
DAVIS.C,20180719,750,0.00,,98,58,,,,,,,93,81,0.37,672,,,,
DAVIS.C,20180720,800,0.00,,95,61,,,,,,,87,80,0.37,643,,,,
DAVIS.C,20180721,825,0.00,,97,66,,,,,,,86,78,0.40,630,,,,
DAVIS.C,20180722,835,0.00,,97,63,,,,,,,87,78,0.38,641,,,,
DAVIS.C,20180723,800,0.00,,100,61,,,,,,,88,79,0.34,655,,,,
DAVIS.C,20180724,800,0.00,,100,60,,,,,,,90,79,0.32,663,,,,
DAVIS.C,20180725,800,0.00,,104,59,,,,,,,92,81,0.30,676,,,,
DAVIS.C,20180726,800,0.00,,97,62,,,,,,,92,82,0.37,623,,,,
DAVIS.C,20180727,2359,0.00,,93,58,,,,,,,90,83,0.38,622,,,,
DAVIS.C,20180728,2359,0.00,,96,58,,,,,,,90,82,0.48,607,,,,
DAVIS.C,20180729,845,0.00,,94,58,,,,,,,89,82,0.18,489,,,,
DAVIS.C,20180730,800,0.00,,95,58,,,,,,,90,81,0.21,546,,,,
DAVIS.C,20180731,800,0.00,,96,58,,,,,,,90,81,0.31,581,,,,
DAVIS.C,20180801,800,0.00,,92,57,,,,,,,90,81,0.26,601,,,,
DAVIS.C,20180802,800,0.00,,94,55,,,,,,,90,81,0.41,607,,,,
DAVIS.C,20180803,800,0.00,,94,55,,,,,,,89,81,0.28,515,,,,
DAVIS.C,20180804,830,0.00,,99,60,,,,,,,90,80,0.28,617,,,,
DAVIS.C,20180805,840,0.00,,94,56,,,,,,,90,80,0.41,578,,,,
DAVIS.C,20180806,730,0.00,,95,59,,,,,,,89,81,0.24,533,,,,
DAVIS.C,20180807,800,0.00,,90,57,,,,,,,88,81,0.27,489,,,,
DAVIS.C,20180808,800,0.00,,94,55,,,,,,,88,81,0.25,537,,,,
DAVIS.C,20180809,800,0.00,,101,55,,,,,,,90,79,0.23,596,,,,
DAVIS.C,20180810,815,0.00,,100,58,,,,,,,90,80,0.34,595,,,,
DAVIS.C,20180811,820,0.00,,99,60,,,,,,,91,81,0.52,613,,,,
DAVIS.C,20180812,830,0.00,,92,58,,,,,,,91,82,0.38,611,,,,
DAVIS.C,20180813,800,0.00,,92,57,,,,,,,90,82,0.33,611,,,,
DAVIS.C,20180814,800,0.00,,89,55,,,,,,,89,81,0.35,595,,,,
DAVIS.C,20180815,800,0.00,,89,56,,,,,,,89,80,0.30,607,,,,
DAVIS.C,20180816,800,0.00,,94,56,,,,,,,89,80,0.31,611,,,,
DAVIS.C,20180817,800,0.00,,99,58,,,,,,,90,81,0.34,620,,,,
DAVIS.C,20180818,820,0.00,,101,54,,,,,,,91,81,0.38,630,,,,
DAVIS.C,20180819,830,0.00,,96,55,,,,,,,90,81,0.36,599,,,,
DAVIS.C,20180820,800,0.00,,90,53,,,,,,,89,81,0.32,610,,,,
DAVIS.C,20180821,800,0.00,,80,54,,,,,,,87,81,0.28,538,,,,
DAVIS.C,20180822,800,0.00,,86,54,,,,,,,87,79,0.24,554,,,,
DAVIS.C,20180823,800,0.00,,85,55,,,,,,,87,79,0.26,562,,,,
DAVIS.C,20180824,800,0.00,,84,53,,,,,,,79,79,0.28,539,,,,
DAVIS.C,20180825,800,0.00,,89,50,,,,,,,86,78,0.23,548,,,,
DAVIS.C,20180826,800,0.00,,87,51,,,,,,,86,78,0.26,579,,,,
DAVIS.C,20180827,800,0.00,,83,55,,,,,,,86,78,0.31,551,,,,
DAVIS.C,20180828,800,0.00,,80,55,,,,,,,86,78,0.25,564,,,,
DAVIS.C,20180829,800,0.00,,83,55,,,,,,,86,78,0.32,576,,,,
DAVIS.C,20180830,800,0.00,,83,54,,,,,,,85,78,0.31,538,,,,
DAVIS.C,20180831,800,0.00,,90,53,,,,,,,86,77,0.26,554,,,,
DAVIS.C,20180901,800,0.00,,95,55,,,,,,,86,77,0.26,538,,,,
DAVIS.C,20180902,800,0.00,,97,55,,,,,,,87,78,0.34,539,,,,
DAVIS.C,20180903,830,0.00,,92,55,,,,,,,87,78,0.30,538,,,,
DAVIS.C,20180904,800,0.00,,94,54,,,,,,,87,79,0.31,538,,,,
DAVIS.C,20180905,800,0.00,,90,54,,,,,,,86,79,0.31,544,,,,
DAVIS.C,20180906,800,0.00,,91,51,,,,,,,86,78,0.30,561,,,,
DAVIS.C,20180907,2359,0.00,,95,53,,,,,,,86,81,0.24,548,,,,
DAVIS.C,20180908,2359,0.00,,95,54,,,,,,,86,80,0.35,554,,,,
DAVIS.C,20180909,2359,0.00,,94,51,,,,,,,85,79,0.35,532,,,,
DAVIS.C,20180910,800,0.00,,96,51,,,,,,,86,78,0.32,525,,,,
DAVIS.C,20180911,800,0.00,,91,53,,,,,,,85,78,0.26,527,,,,
DAVIS.C,20180912,800,0.00,,80,51,,,,,,,82,78,0.37,333,,,,
DAVIS.C,20180913,820,0.00,,82,56,,,,,,,83,76,0.23,515,,,,
DAVIS.C,20180914,800,0.00,,82,46,,,,,,,81,75,0.24,457,,,,
DAVIS.C,20180915,820,0.00,,81,55,,,,,,,82,74,0.28,516,,,,
DAVIS.C,20180916,930,0.00,,84,46,,,,,,,81,77,0.27,521,,,,
DAVIS.C,20180917,800,0.00,,83,46,,,,,,,81,73,0.20,509,,,,
DAVIS.C,20180918,800,0.00,,85,46,,,,,,,80,73,0.27,504,,,,
DAVIS.C,20180919,800,0.00,,90,49,,,,,,,80,73,0.21,492,,,,
DAVIS.C,20180920,800,0.00,,94,60,,,,,,,81,73,0.32,499,,,,
DAVIS.C,20180921,800,0.00,,95,50,,,,,,,81,74,0.33,490,,,,
DAVIS.C,20180922,830,0.00,,92,50,,,,,,,81,73,0.33,482,,,,
DAVIS.C,20180923,835,0.00,,92,51,,,,,,,80,74,0.27,480,,,,
DAVIS.C,20180924,800,0.00,,94,52,,,,,,,79,73,0.24,486,,,,
DAVIS.C,20180925,800,0.00,,97,50,,,,,,,79,72,0.35,480,,,,
DAVIS.C,20180926,800,0.00,,99,50,,,,,,,79,71,0.37,458,,,,
DAVIS.C,20180927,800,0.00,,100,54,,,,,,,79,71,0.24,444,,,,
DAVIS.C,20180928,800,0.00,,86,53,,,,,,,79,72,0.33,433,,,,
DAVIS.C,20180929,830,0.00,,78,53,,,,,,,77,72,0.31,411,,,,
DAVIS.C,20180930,815,0.00,,82,57,,,,,,,79,71,0.20,425,,,,
DAVIS.C,20181001,800,0.00,,82,58,,,,,,,78,72,0.20,299,,,,
DAVIS.C,20181002,800,0.03,,83,62,,,,,,,79,73,0.21,373,,,,
DAVIS.C,20181003,800,0.00,,85,62,,,,,,,79,73,0.19,362,,,,
DAVIS.C,20181004,800,0.00,,75,60,,,,,,,79,74,0.22,348,,,,
DAVIS.C,20181005,800,0.00,,81,53,,,,,,,78,73,0.20,379,,,,
DAVIS.C,20181006,800,0.00,,82,55,,,,,,,77,72,0.22,421,,,,
DAVIS.C,20181007,800,0.00,,86,61,,,,,,,76,72,0.48,426,,,,
DAVIS.C,20181008,800,0.00,,86,62,,,,,,,77,71,0.50,406,,,,
DAVIS.C,20181009,800,0.00,,81,51,,,,,,,77,71,0.34,406,,,,
DAVIS.C,20181010,800,0.00,,82,49,,,,,,,76,70,0.24,387,,,,
DAVIS.C,20181011,800,0.00,,80,49,,,,,,,75,70,0.16,375,,,,
DAVIS.C,20181012,800,0.00,,86,53,,,,,,,74,69,0.26,396,,,,
DAVIS.C,20181013,840,0.00,,89,45,,,,,,,74,68,0.38,394,,,,
DAVIS.C,20181014,835,0.00,,82,50,,,,,,,73,68,0.28,398,,,,
DAVIS.C,20181015,800,0.00,,83,57,,,,,,,73,68,0.57,401,,,,
DAVIS.C,20181016,800,0.00,,86,45,,,,,,,72,67,0.35,390,,,,
DAVIS.C,20181017,800,0.00,,85,43,,,,,,,72,66,0.28,375,,,,
DAVIS.C,20181018,800,0.00,,85,43,,,,,,,71,66,0.28,368,,,,
DAVIS.C,20181019,800,0.00,,86,45,,,,,,,71,65,0.17,366,,,,
DAVIS.C,20181020,835,0.00,,86,45,,,,,,,71,65,0.28,362,,,,
DAVIS.C,20181021,835,0.00,,86,44,,,,,,,71,65,0.18,349,,,,
DAVIS.C,20181022,800,0.00,,83,42,,,,,,,70,65,0.17,351,,,,
DAVIS.C,20181023,800,0.00,,76,42,,,,,,,69,65,0.18,318,,,,
DAVIS.C,20181024,800,0.00,,80,44,,,,,,,69,64,0.14,319,,,,
DAVIS.C,20181025,800,0.00,,86,48,,,,,,,70,63,0.20,329,,,,
DAVIS.C,20181026,800,0.00,,83,47,,,,,,,70,64,0.22,318,,,,
DAVIS.C,20181027,815,0.00,,83,49,,,,,,,70,64,0.19,285,,,,
DAVIS.C,20181028,805,0.00,,84,51,,,,,,,70,65,0.15,281,,,,
DAVIS.C,20181029,800,0.00,,75,51,,,,,,,68,65,0.21,282,,,,
DAVIS.C,20181030,800,0.00,,78,48,,,,,,,68,64,0.32,327,,,,
DAVIS.C,20181031,800,0.00,,80,52,,,,,,,68,64,0.55,289,,,,
DAVIS.C,20181101,800,0.00,,86,51,,,,,,,69,64,0.23,286,,,,
DAVIS.C,20181102,800,0.00,,82,47,,,,,,,68,64,0.20,297,,,,
DAVIS.C,20181103,825,0.00,,86,51,,,,,,,69,64,0.32,294,,,,
DAVIS.C,20181104,835,0.00,,85,48,,,,,,,68,64,0.39,283,,,,
DAVIS.C,20181105,800,0.00,,80,55,,,,,,,68,64,0.34,309,,,,
DAVIS.C,20181106,800,0.00,,79,52,,,,,,,66,63,0.40,311,,,,
DAVIS.C,20181107,800,0.00,,75,40,,,,,,,64,61,0.30,299,,,,
DAVIS.C,20181108,800,0.00,,71,41,,,,,,,64,60,0.55,286,,,,
DAVIS.C,20181109,800,0.00,,64,42,,,,,,,61,60,0.42,181,,,,
DAVIS.C,20181110,830,0.00,,67,34,,,,,,,59,56,0.14,210,,,,
DAVIS.C,20181111,830,0.00,,71,37,,,,,,,59,55,0.20,259,,,,
DAVIS.C,20181112,825,0.00,,70,31,,,,,,,58,55,0.28,222,,,,
DAVIS.C,20181113,800,0.00,,65,36,,,,,,,57,54,0.09,154,,,,
DAVIS.C,20181114,800,0.00,,67,31,,,,,,,56,52,0.16,218,,,,
DAVIS.C,20181115,800,0.00,,63,31,,,,,,,55,51,0.12,182,,,,
DAVIS.C,20181116,800,0.00,,66,31,,,,,,,54,51,0.13,182,,,,
DAVIS.C,20181117,840,0.00,,69,31,,,,,,,54,50,0.10,214,,,,
DAVIS.C,20181118,840,0.00,,67,29,,,,,,,54,49,0.12,208,,,,
DAVIS.C,20181119,800,0.00,,69,33,,,,,,,54,50,0.16,196,,,,
DAVIS.C,20181120,800,0.00,,67,32,,,,,,,55,50,0.12,219,,,,
DAVIS.C,20181121,2359,0.00,,55,42,,,,,,,54,50,0.16,43,,,,
DAVIS.C,20181122,2359,0.96,,63,50,,,,,,,57,52,0.00,206,,,,
DAVIS.C,20181123,2359,0.07,,58,53,,,,,,,57,52,0.00,54,,,,
DAVIS.C,20181124,2359,0.00,,65,51,,,,,,,60,55,0.00,205,,,,
DAVIS.C,20181125,2359,0.00,,64,44,,,,,,,58,55,0.05,246,,,,
DAVIS.C,20181126,800,0.00,,66,42,,,,,,,57,53,0.08,145,,,,
DAVIS.C,20181127,800,0.00,,57,45,,,,,,,56,53,0.04,45,,,,
DAVIS.C,20181128,800,0.11,,66,51,,,,,,,59,54,0.00,153,,,,
DAVIS.C,20181129,800,0.85,,58,54,,,,,,,57,56,0.37,92,,,,
DAVIS.C,20181130,800,0.48,,63,41,,,,,,,56,53,0.14,229,,,,
DAVIS.C,20181201,840,0.19,,61,43,,,,,,,56,52,0.12,211,,,,
DAVIS.C,20181202,825,0.04,,56,36,,,,,,,54,50,0.06,243,,,,
DAVIS.C,20181203,800,0.00,,54,36,,,,,,,51,48,0.02,211,,,,
DAVIS.C,20181204,800,0.00,,52,41,,,,,,,50,48,0.08,56,,,,
DAVIS.C,20181205,800,0.18,,54,45,,,,,,,52,49,0.05,98,,,,
DAVIS.C,20181206,800,0.01,,61,45,,,,,,,53,49,0.07,235,,,,
DAVIS.C,20181207,800,0.00,,61,37,,,,,,,52,48,0.10,227,,,,
DAVIS.C,20181208,845,0.00,,60,36,,,,,,,51,47,0.08,231,,,,
DAVIS.C,20181209,845,0.01,,53,40,,,,,,,51,47,0.07,50,,,,
DAVIS.C,20181210,800,0.01,,61,40,,,,,,,52,48,0.00,202,,,,
DAVIS.C,20181211,800,0.00,,61,36,,,,,,,51,47,0.03,238,,,,
DAVIS.C,20181212,800,0.00,,61,39,,,,,,,52,46,0.09,234,,,,
DAVIS.C,20181213,2359,0.00,,58,35,,,,,,,50,48,0.12,225,,,,
DAVIS.C,20181214,2359,0.00,,60,39,,,,,,,50,48,0.09,76,,,,
DAVIS.C,20181215,800,0.20,,56,43,,,,,,,50,46,0.21,122,,,,
DAVIS.C,20181216,800,0.00,,55,44,,,,,,,52,47,0.11,31,,,,
DAVIS.C,20181217,815,1.05,,61,46,,,,,,,54,49,0.04,168,,,,
DAVIS.C,20181218,820,0.00,,62,42,,,,,,,54,50,0.00,200,,,,
DAVIS.C,20181219,830,0.00,,65,44,,,,,,,56,50,0.06,222,,,,
DAVIS.C,20181220,815,0.01,,52,43,,,,,,,53,51,0.06,43,,,,
DAVIS.C,20181221,815,0.10,,58,50,,,,,,,54,51,0.04,125,,,,
DAVIS.C,20181222,815,0.01,,56,40,,,,,,,51,49,0.15,154,,,,
DAVIS.C,20181223,800,0.00,,56,43,,,,,,,52,48,0.02,136,,,,
DAVIS.C,20181224,800,0.01,,57,43,,,,,,,52,49,0.03,49,,,,
DAVIS.C,20181225,2359,0.52,,61,42,,,,,,,46,44,0.06,235,,,,
DAVIS.C,20181226,2359,0.00,,59,40,,,,,,,46,44,0.04,223,,,,
DAVIS.C,20181227,2359,0.07,,52,36,,,,,,,46,44,0.04,124,,,,
DAVIS.C,20181228,2359,0.00,,55,42,,,,,,,47,44,0.05,241,,,,
DAVIS.C,20181229,800,0.00,,57,35,,,,,,,48,43,0.62,225,,,,
DAVIS.C,20181230,800,0.00,,58,32,,,,,,,48,42,0.04,230,,,,
DAVIS.C,20181231,800,0.00,,55,36,,,,,,,46,42,0.01,244,,,,
DAVIS.C,20190101,800,0.00,,55,38,,,,,,,45,41,0.13,241,,,,
DAVIS.C,20190102,815,0.00,,55,29,,,,,,,46,40,0.03,231,,,,
DAVIS.C,20190103,815,0.00,,54,30,,,,,,,45,39,0.05,197,,,,
DAVIS.C,20190104,815,0.00,,58,32,,,,,,,46,40,0.06,198,,,,
DAVIS.C,20190105,815,0.35,,50,35,,,,,,,44,40,0.04,29,,,,
DAVIS.C,20190106,800,3.10,,55,40,,,,,,,47,41,0.06,32,,,,
DAVIS.C,20190107,830,2.02,,58,44,,,,,,,50,43,0.01,128,,,,
DAVIS.C,20190108,830,0.01,,56,47,,,,,,,50,46,0.05,49,,,,
DAVIS.C,20190109,830,0.18,,62,49,,,,,,,53,48,0.00,179,,,,
DAVIS.C,20190110,815,0.03,,53,44,,,,,,,52,49,0.06,134,,,,
DAVIS.C,20190111,800,0.02,,56,45,,,,,,,53,49,0.04,99,,,,
DAVIS.C,20190112,825,0.02,,63,41,,,,,,,53,49,0.09,240,,,,
DAVIS.C,20190113,845,0.00,,61,40,,,,,,,52,48,0.04,216,,,,
DAVIS.C,20190114,800,0.01,,53,39,,,,,,,49,47,0.05,74,,,,
DAVIS.C,20190115,800,0.18,,54,44,,,,,,,50,47,0.00,36,,,,
DAVIS.C,20190116,800,1.24,,58,47,,,,,,,52,47,0.05,30,,,,
DAVIS.C,20190117,800,1.77,,61,52,,,,,,,54,49,0.39,149,,,,
DAVIS.C,20190118,810,0.03,,61,49,,,,,,,54,50,0.06,146,,,,
DAVIS.C,20190119,830,0.00,,67,50,,,,,,,57,51,0.03,239,,,,
DAVIS.C,20190120,840,0.01,,64,52,,,,,,,56,53,0.08,176,,,,
DAVIS.C,20190121,840,0.01,,59,40,,,,,,,54,50,0.09,280,,,,
DAVIS.C,20190122,800,0.00,,60,43,,,,,,,50,48,0.12,267,,,,
DAVIS.C,20190123,800,0.00,,59,35,,,,,,,49,45,0.10,270,,,,
DAVIS.C,20190124,800,0.00,,62,36,,,,,,,50,44,0.08,289,,,,
DAVIS.C,20190125,800,0.00,,65,38,,,,,,,49,45,0.05,295,,,,
DAVIS.C,20190126,835,0.00,,63,36,,,,,,,50,44,0.11,207,,,,
DAVIS.C,20190127,900,0.00,,68,40,,,,,,,51,44,0.01,280,,,,
DAVIS.C,20190128,800,0.00,,66,45,,,,,,,53,46,0.08,214,,,,
DAVIS.C,20190129,800,0.00,,67,46,,,,,,,55,48,0.05,233,,,,
DAVIS.C,20190130,800,0.00,,66,45,,,,,,,56,50,0.05,242,,,,
DAVIS.C,20190131,2359,0.01,,66,47,,,,,,,51,46,0.08,273,,,,
DAVIS.C,20190201,2359,0.51,,58,50,,,,,,,51,47,0.06,115,,,,
DAVIS.C,20190202,2359,0.66,,61,51,,,,,,,51,47,0.08,158,,,,
DAVIS.C,20190203,2359,0.15,,59,48,,,,,,,51,47,0.07,182,,,,
DAVIS.C,20190204,2359,0.46,,51,39,,,,,,,51,47,0.08,192,,,,
DAVIS.C,20190205,2359,0.00,,53,33,,,,,,,51,47,0.10,305,,,,
DAVIS.C,20190206,2359,0.01,,52,32,,,,,,,51,47,0.08,332,,,,
DAVIS.C,20190207,2359,0.00,,58,39,,,,,,,51,48,0.11,274,,,,
DAVIS.C,20190208,2359,0.36,,51,38,,,,,,,51,48,0.08,165,,,,
DAVIS.C,20190209,2359,0.13,,51,40,,,,,,,52,48,0.07,125,,,,
DAVIS.C,20190210,2359,0.00,,56,35,,,,,,,52,48,0.08,298,,,,
DAVIS.C,20190211,2359,0.00,,54,33,,,,,,,53,49,0.08,283,,,,
DAVIS.C,20190212,2359,0.19,,45,35,,,,,,,53,49,0.08,78,,,,
DAVIS.C,20190213,2359,0.22,,58,41,,,,,,,53,49,0.09,51,,,,
DAVIS.C,20190214,2359,0.72,,62,48,,,,,,,53,50,0.11,221,,,,
DAVIS.C,20190215,2359,0.20,,54,40,,,,,,,53,49,0.11,254,,,,
DAVIS.C,20190216,2359,0.00,,56,40,,,,,,,53,50,0.09,317,,,,
DAVIS.C,20190217,2359,0.03,,52,38,,,,,,,54,50,0.10,333,,,,
DAVIS.C,20190218,2359,0.00,,54,39,,,,,,,54,50,0.09,394,,,,
DAVIS.C,20190219,2359,0.00,,56,37,,,,,,,54,50,0.11,394,,,,
DAVIS.C,20190220,2359,0.02,,57,39,,,,,,,54,50,0.12,341,,,,
DAVIS.C,20190221,2359,0.00,,55,35,,,,,,,55,51,0.13,405,,,,
DAVIS.C,20190222,2359,0.00,,56,37,,,,,,,55,51,0.10,414,,,,
DAVIS.C,20190223,2359,0.00,,55,35,,,,,,,55,51,0.14,224,,,,
DAVIS.C,20190224,2359,0.00,,57,44,,,,,,,55,51,0.12,212,,,,
DAVIS.C,20190225,2359,0.29,,54,46,,,,,,,55,51,0.10,72,,,,
DAVIS.C,20190226,2359,1.83,,54,50,,,,,,,55,51,0.12,48,,,,
DAVIS.C,20190227,2359,0.12,,62,49,,,,,,,56,52,0.11,216,,,,
DAVIS.C,20190228,2359,0.00,,58,47,,,,,,,56,52,0.12,339,,,,
DAVIS.C,20190301,2359,0.00,,58,45,,,,,,,56,53,0.12,216,,,,
DAVIS.C,20190302,2359,0.93,,56,47,,,,,,,57,53,0.11,113,,,,
DAVIS.C,20190303,2359,0.00,,64,47,,,,,,,58,53,0.12,310,,,,
DAVIS.C,20190304,2359,0.00,,60,47,,,,,,,57,53,0.11,297,,,,
DAVIS.C,20190305,2359,0.16,,56,49,,,,,,,57,52,0.13,282,,,,
DAVIS.C,20190306,2359,0.16,,59,52,,,,,,,57,52,0.11,216,,,,
DAVIS.C,20190307,2359,0.00,,59,44,,,,,,,57,52,0.12,273,,,,
DAVIS.C,20190308,2359,0.00,,58,40,,,,,,,58,53,0.12,404,,,,
DAVIS.C,20190309,2359,0.07,,54,43,,,,,,,59,53,0.11,166,,,,
DAVIS.C,20190310,2359,0.04,,58,45,,,,,,,58,54,0.14,332,,,,
DAVIS.C,20190311,2359,0.00,,65,44,,,,,,,59,54,0.13,484,,,,
DAVIS.C,20190312,2359,0.00,,66,39,,,,,,,58,54,0.15,425,,,,
DAVIS.C,20190313,2359,0.00,,61,43,,,,,,,59,54,0.14,505,,,,
DAVIS.C,20190314,2359,0.00,,64,43,,,,,,,58,54,0.16,504,,,,
DAVIS.C,20190315,2359,0.00,,67,37,,,,,,,58,54,0.16,499,,,,
DAVIS.C,20190316,2359,0.00,,73,38,,,,,,,58,53,0.16,505,,,,
DAVIS.C,20190317,2359,0.00,,73,40,,,,,,,58,54,0.16,484,,,,
DAVIS.C,20190318,2359,0.00,,77,43,,,,,,,59,54,0.17,503,,,,
DAVIS.C,20190319,2359,0.06,,73,48,,,,,,,60,54,0.16,353,,,,
DAVIS.C,20190320,2359,0.28,,64,45,,,,,,,60,55,0.15,344,,,,
DAVIS.C,20190321,2359,0.00,,65,38,,,,,,,61,55,0.17,521,,,,
DAVIS.C,20190322,2359,0.46,,55,43,,,,,,,61,55,0.19,144,,,,
DAVIS.C,20190323,2359,0.42,,66,46,,,,,,,61,55,0.18,428,,,,
DAVIS.C,20190324,2359,0.00,,64,42,,,,,,,61,56,0.15,458,,,,
DAVIS.C,20190325,2359,0.58,,62,46,,,,,,,62,55,0.18,155,,,,
DAVIS.C,20190326,2359,0.15,,66,49,,,,,,,62,56,0.18,256,,,,
DAVIS.C,20190327,2359,0.31,,64,49,,,,,,,62,56,0.22,255,,,,
DAVIS.C,20190328,2359,0.33,,62,47,,,,,,,63,57,0.25,271,,,,
DAVIS.C,20190329,2359,0.00,,65,40,,,,,,,62,57,0.27,528,,,,
DAVIS.C,20190330,2359,0.00,,71,42,,,,,,,63,57,0.24,546,,,,
DAVIS.C,20190331,2359,0.00,,74,43,,,,,,,63,58,0.24,502,,,,
DAVIS.C,20190401,2359,0.05,,67,51,,,,,,,64,58,0.24,219,,,,
DAVIS.C,20190402,2359,0.03,,65,51,,,,,,,64,58,0.24,303,,,,
DAVIS.C,20190403,2359,0.00,,65,52,,,,,,,65,59,0.22,379,,,,
DAVIS.C,20190404,2359,0.00,,65,52,,,,,,,66,59,0.24,344,,,,
DAVIS.C,20190405,2359,0.07,,63,50,,,,,,,67,60,0.26,212,,,,
DAVIS.C,20190406,2359,0.00,,68,53,,,,,,,67,60,0.21,300,,,,
DAVIS.C,20190407,2359,0.00,,75,55,,,,,,,67,61,0.22,515,,,,
DAVIS.C,20190408,2359,0.00,,70,44,,,,,,,66,60,0.22,427,,,,
DAVIS.C,20190409,2359,0.01,,74,49,,,,,,,67,60,0.23,613,,,,
DAVIS.C,20190410,2359,0.00,,71,48,,,,,,,67,61,0.23,616,,,,
DAVIS.C,20190411,2359,0.00,,69,49,,,,,,,67,62,0.26,357,,,,
DAVIS.C,20190412,2359,0.00,,74,48,,,,,,,68,61,0.26,618,,,,
DAVIS.C,20190413,2359,0.00,,77,46,,,,,,,68,62,0.25,586,,,,
DAVIS.C,20190414,2359,0.00,,75,49,,,,,,,69,62,0.23,512,,,,
DAVIS.C,20190415,2359,0.03,,59,49,,,,,,,69,63,0.27,163,,,,
DAVIS.C,20190416,2359,0.00,,68,48,,,,,,,69,63,0.25,454,,,,
DAVIS.C,20190417,2359,0.00,,78,43,,,,,,,69,63,0.21,630,,,,
DAVIS.C,20190418,2359,0.00,,83,47,,,,,,,68,62,0.23,631,,,,
DAVIS.C,20190419,2359,0.00,,84,51,,,,,,,68,63,0.24,535,,,,
DAVIS.C,20190420,2359,0.00,,73,52,,,,,,,70,63,0.24,595,,,,
DAVIS.C,20190421,2359,0.00,,79,45,,,,,,,71,63,0.26,657,,,,
DAVIS.C,20190422,2359,0.00,,87,51,,,,,,,71,64,0.25,659,,,,
DAVIS.C,20190423,2359,0.00,,73,47,,,,,,,70,65,0.26,632,,,,
DAVIS.C,20190424,2359,0.00,,91,57,,,,,,,70,63,0.24,631,,,,
DAVIS.C,20190425,2359,0.00,,88,55,,,,,,,70,64,0.28,650,,,,
DAVIS.C,20190426,2359,0.00,,88,49,,,,,,,71,64,0.28,642,,,,
DAVIS.C,20190427,2359,0.00,,78,50,,,,,,,72,65,0.32,653,,,,
DAVIS.C,20190428,2359,0.00,,79,49,,,,,,,73,65,0.32,602,,,,
DAVIS.C,20190429,2359,0.00,,76,49,,,,,,,73,66,0.33,655,,,,
DAVIS.C,20190430,2359,0.00,,71,51,,,,,,,73,67,0.30,601,,,,
DAVIS.C,20190501,2359,0.00,,79,46,,,,,,,72,66,0.33,695,,,,
DAVIS.C,20190502,2359,0.01,,82,49,,,,,,,73,66,0.32,686,,,,
DAVIS.C,20190503,2359,0.00,,82,49,,,,,,,74,66,0.32,671,,,,
DAVIS.C,20190504,2359,0.00,,81,44,,,,,,,75,64,0.33,701,,,,
DAVIS.C,20190505,2359,0.00,,76,44,,,,,,,74,68,0.32,693,,,,
DAVIS.C,20190506,2359,0.00,,69,49,,,,,,,74,68,0.34,640,,,,
DAVIS.C,20190507,2359,0.00,,75,48,,,,,,,75,68,0.33,668,,,,
DAVIS.C,20190508,2359,0.00,,82,50,,,,,,,75,68,0.34,674,,,,
DAVIS.C,20190509,2359,0.00,,77,51,,,,,,,75,69,0.38,664,,,,
DAVIS.C,20190510,2359,0.00,,85,51,,,,,,,75,68,0.34,683,,,,
DAVIS.C,20190511,2359,0.00,,82,50,,,,,,,76,69,0.36,691,,,,
DAVIS.C,20190512,2359,0.00,,82,50,,,,,,,76,69,0.37,682,,,,
DAVIS.C,20190513,2359,0.00,,84,50,,,,,,,77,70,0.35,650,,,,
DAVIS.C,20190514,2359,0.00,,75,53,,,,,,,77,70,0.35,477,,,,
DAVIS.C,20190515,2359,1.14,,65,54,,,,,,,77,70,0.36,204,,,,
DAVIS.C,20190516,2359,0.11,,61,52,,,,,,,77,70,0.39,397,,,,
DAVIS.C,20190517,2359,0.00,,69,49,,,,,,,77,70,0.36,644,,,,
DAVIS.C,20190518,2359,0.82,,58,49,,,,,,,78,70,0.35,162,,,,
DAVIS.C,20190519,2359,0.50,,60,46,,,,,,,78,70,0.38,378,,,,
DAVIS.C,20190520,2359,0.00,,68,43,,,,,,,78,71,0.37,671,,,,
DAVIS.C,20190521,2359,0.26,,67,49,,,,,,,79,71,0.37,552,,,,
DAVIS.C,20190522,2359,0.00,,76,48,,,,,,,80,73,0.39,676,,,,
DAVIS.C,20190523,2359,0.00,,78,58,,,,,,,81,73,0.40,657,,,,
DAVIS.C,20190524,2359,0.00,,76,55,,,,,,,82,74,0.39,694,,,,
DAVIS.C,20190525,2359,0.00,,72,52,,,,,,,82,74,0.36,387,,,,
DAVIS.C,20190526,2359,0.05,,63,50,,,,,,,81,74,0.38,424,,,,
DAVIS.C,20190527,2359,0.00,,72,51,,,,,,,81,74,0.36,615,,,,
DAVIS.C,20190528,2359,0.00,,83,51,,,,,,,81,74,0.35,701,,,,
DAVIS.C,20190529,2359,0.00,,86,54,,,,,,,81,74,0.35,700,,,,
DAVIS.C,20190530,2359,0.00,,80,55,,,,,,,82,74,0.38,669,,,,
DAVIS.C,20190531,2359,0.00,,87,55,,,,,,,81,75,0.38,741,,,,
DAVIS.C,20190601,2359,0.00,,90,60,,,,,,,82,74,0.39,719,,,,
DAVIS.C,20190602,2359,0.00,,84,57,,,,,,,82,75,0.41,699,,,,
DAVIS.C,20190603,2359,0.00,,89,55,,,,,,,82,75,0.40,708,,,,
DAVIS.C,20190604,2359,0.00,,94,59,,,,,,,81,75,0.39,713,,,,
DAVIS.C,20190605,2359,0.00,,96,64,,,,,,,82,75,0.39,701,,,,
DAVIS.C,20190606,2359,0.00,,84,57,,,,,,,81,75,0.41,746,,,,
DAVIS.C,20190607,2359,0.00,,79,51,,,,,,,82,75,0.41,756,,,,
DAVIS.C,20190608,2359,0.00,,85,61,,,,,,,82,75,0.40,758,,,,
DAVIS.C,20190609,2359,0.00,,91,67,,,,,,,84,75,0.44,725,,,,
DAVIS.C,20190610,2359,0.00,,100,61,,,,,,,84,77,0.43,725,,,,
DAVIS.C,20190611,2359,0.00,,101,65,,,,,,,84,77,0.44,742,,,,
DAVIS.C,20190612,2359,0.00,,101,67,,,,,,,84,77,0.43,641,,,,
DAVIS.C,20190613,2359,0.00,,90,60,,,,,,,85,77,0.44,696,,,,
DAVIS.C,20190614,2359,0.00,,87,55,,,,,,,85,78,0.46,725,,,,
DAVIS.C,20190615,2359,0.00,,80,53,,,,,,,86,79,0.46,717,,,,
DAVIS.C,20190616,2359,0.00,,87,51,,,,,,,86,79,0.46,712,,,,
DAVIS.C,20190617,2359,0.02,,95,56,,,,,,,86,79,0.47,730,,,,
DAVIS.C,20190618,2359,0.00,,101,63,,,,,,,87,79,0.47,653,,,,
DAVIS.C,20190619,2359,0.01,,97,59,,,,,,,87,80,0.44,741,,,,
DAVIS.C,20190620,2359,0.00,,88,58,,,,,,,87,80,0.48,707,,,,
DAVIS.C,20190621,2359,0.00,,87,58,,,,,,,88,80,0.44,773,,,,
DAVIS.C,20190622,2359,0.00,,91,60,,,,,,,88,81,0.48,768,,,,
DAVIS.C,20190623,2359,0.00,,94,55,,,,,,,89,81,0.47,741,,,,
DAVIS.C,20190624,2359,0.00,,92,57,,,,,,,88,81,0.47,709,,,,
DAVIS.C,20190625,2359,0.00,,91,56,,,,,,,89,81,0.45,743,,,,
DAVIS.C,20190626,2359,0.00,,79,57,,,,,,,89,82,0.42,741,,,,
DAVIS.C,20190627,2359,0.00,,79,53,,,,,,,89,82,0.44,711,,,,
DAVIS.C,20190628,2359,0.00,,90,57,,,,,,,88,82,0.42,654,,,,
DAVIS.C,20190629,2359,0.01,,90,56,,,,,,,87,81,0.42,686,,,,
DAVIS.C,20190630,2359,0.00,,87,55,,,,,,,88,81,0.41,755,,,,
DAVIS.C,20190701,2359,0.00,,86,52,,,,,,,88,81,0.43,713,,,,
DAVIS.C,20190702,2359,0.00,,93,56,,,,,,,89,81,0.43,705,,,,
DAVIS.C,20190703,2359,0.00,,87,55,,,,,,,89,82,0.48,727,,,,
DAVIS.C,20190704,2359,0.00,,90,54,,,,,,,89,82,0.43,728,,,,
DAVIS.C,20190705,2359,0.00,,94,56,,,,,,,90,82,0.43,724,,,,
DAVIS.C,20190706,2359,0.00,,91,55,,,,,,,90,83,0.48,700,,,,
DAVIS.C,20190707,2359,0.00,,93,56,,,,,,,90,83,0.45,699,,,,
DAVIS.C,20190708,2359,0.00,,80,56,,,,,,,91,83,0.43,712,,,,
DAVIS.C,20190709,2359,0.00,,84,53,,,,,,,91,83,0.45,709,,,,
DAVIS.C,20190710,2359,0.00,,88,59,,,,,,,91,83,0.46,706,,,,
DAVIS.C,20190711,2359,0.00,,91,58,,,,,,,91,83,0.43,714,,,,
DAVIS.C,20190712,2359,0.00,,94,58,,,,,,,91,83,0.42,722,,,,
DAVIS.C,20190713,2359,0.00,,95,57,,,,,,,92,84,0.44,727,,,,
DAVIS.C,20190714,2359,0.00,,91,57,,,,,,,92,84,0.47,731,,,,
DAVIS.C,20190715,2359,0.00,,94,58,,,,,,,92,85,0.47,675,,,,
DAVIS.C,20190716,2359,0.00,,90,59,,,,,,,91,84,0.46,696,,,,
DAVIS.C,20190717,2359,0.00,,92,57,,,,,,,90,84,0.44,673,,,,
DAVIS.C,20190718,2359,0.00,,86,61,,,,,,,91,83,0.42,702,,,,
DAVIS.C,20190719,2359,0.00,,85,56,,,,,,,91,84,0.43,713,,,,
DAVIS.C,20190720,2359,0.00,,85,55,,,,,,,91,84,0.44,706,,,,
DAVIS.C,20190721,2359,0.00,,92,56,,,,,,,91,83,0.43,663,,,,
DAVIS.C,20190722,2359,0.00,,96,59,,,,,,,90,83,0.41,699,,,,
DAVIS.C,20190723,2359,0.00,,95,58,,,,,,,90,83,0.41,696,,,,
DAVIS.C,20190724,2359,0.01,,97,54,,,,,,,90,83,0.42,710,,,,
DAVIS.C,20190725,2359,0.00,,93,56,,,,,,,91,83,0.41,664,,,,
DAVIS.C,20190726,2359,0.00,,92,60,,,,,,,91,83,0.41,695,,,,
DAVIS.C,20190727,2359,0.00,,101,55,,,,,,,91,83,0.42,696,,,,
DAVIS.C,20190728,2359,0.00,,100,62,,,,,,,91,83,0.43,689,,,,
DAVIS.C,20190729,2359,0.00,,89,59,,,,,,,91,82,0.43,700,,,,
DAVIS.C,20190730,2359,0.00,,85,55,,,,,,,91,83,0.41,703,,,,
DAVIS.C,20190731,2359,0.00,,92,52,,,,,,,91,83,0.41,701,,,,
DAVIS.C,20190801,2359,0.00,,87,55,,,,,,,91,83,0.41,686,,,,
DAVIS.C,20190802,2359,0.00,,92,57,,,,,,,91,83,0.41,679,,,,
DAVIS.C,20190803,2359,0.00,,96,58,,,,,,,91,84,0.42,683,,,,
DAVIS.C,20190804,2359,0.00,,93,57,,,,,,,91,84,0.42,657,,,,
DAVIS.C,20190805,2359,0.00,,93,56,,,,,,,91,84,0.41,654,,,,
DAVIS.C,20190806,2359,0.00,,95,60,,,,,,,91,84,0.41,641,,,,
DAVIS.C,20190807,2359,0.00,,91,58,,,,,,,91,84,0.40,656,,,,
DAVIS.C,20190808,2359,0.00,,95,57,,,,,,,91,84,0.42,640,,,,
DAVIS.C,20190809,2359,0.00,,87,55,,,,,,,91,84,0.42,520,,,,
DAVIS.C,20190810,2359,0.00,,84,61,,,,,,,90,83,0.43,635,,,,
DAVIS.C,20190811,2359,0.00,,88,58,,,,,,,90,83,0.41,659,,,,
DAVIS.C,20190812,2359,0.00,,93,55,,,,,,,90,82,0.40,655,,,,
DAVIS.C,20190813,2359,0.00,,99,57,,,,,,,90,83,0.41,654,,,,
DAVIS.C,20190814,2359,0.01,,100,60,,,,,,,89,83,0.42,657,,,,
DAVIS.C,20190815,2359,0.00,,102,64,,,,,,,89,83,0.40,643,,,,
DAVIS.C,20190816,2359,0.00,,100,61,,,,,,,90,83,0.38,639,,,,
DAVIS.C,20190817,2359,0.00,,92,55,,,,,,,89,82,0.39,614,,,,
DAVIS.C,20190818,2359,0.00,,84,56,,,,,,,89,82,0.38,650,,,,
DAVIS.C,20190819,2359,0.00,,83,55,,,,,,,88,82,0.38,639,,,,
DAVIS.C,20190820,2359,0.01,,90,54,,,,,,,88,81,0.35,603,,,,
DAVIS.C,20190821,2359,0.00,,93,53,,,,,,,88,82,0.36,619,,,,
DAVIS.C,20190822,2359,0.00,,96,65,,,,,,,89,81,0.37,613,,,,
DAVIS.C,20190823,2359,0.00,,96,61,,,,,,,88,82,0.35,610,,,,
DAVIS.C,20190824,2359,0.00,,97,59,,,,,,,88,81,0.37,600,,,,
DAVIS.C,20190825,2359,0.00,,98,61,,,,,,,88,81,0.41,603,,,,
DAVIS.C,20190826,2359,0.00,,99,58,,,,,,,88,81,0.36,603,,,,
DAVIS.C,20190827,2359,0.00,,97,58,,,,,,,88,81,0.38,576,,,,
DAVIS.C,20190828,2359,0.00,,91,59,,,,,,,88,81,0.38,568,,,,
DAVIS.C,20190829,2359,0.00,,89,61,,,,,,,88,81,0.38,589,,,,
DAVIS.C,20190830,2359,0.00,,92,55,,,,,,,87,81,0.38,603,,,,
DAVIS.C,20190831,2359,0.00,,95,56,,,,,,,87,80,0.35,591,,,,
DAVIS.C,20190901,2359,0.00,,96,58,,,,,,,87,81,0.39,592,,,,
DAVIS.C,20190902,2359,0.00,,96,57,,,,,,,87,81,0.36,575,,,,
DAVIS.C,20190903,2359,0.00,,92,57,,,,,,,87,81,0.38,590,,,,
DAVIS.C,20190904,2359,0.00,,95,56,,,,,,,87,81,0.40,496,,,,
DAVIS.C,20190905,2359,0.00,,91,59,,,,,,,87,81,0.38,538,,,,
DAVIS.C,20190906,2359,0.00,,89,57,,,,,,,87,81,0.39,580,,,,
DAVIS.C,20190907,2359,0.00,,79,58,,,,,,,86,81,0.38,517,,,,
DAVIS.C,20190908,2359,0.00,,82,53,,,,,,,86,80,0.35,556,,,,
DAVIS.C,20190909,2359,0.00,,84,52,,,,,,,85,79,0.35,541,,,,
DAVIS.C,20190910,2359,0.00,,81,51,,,,,,,84,79,0.32,538,,,,
DAVIS.C,20190911,2359,0.00,,87,54,,,,,,,84,78,0.35,531,,,,
DAVIS.C,20190912,2359,0.00,,91,54,,,,,,,84,78,0.36,524,,,,
DAVIS.C,20190913,2359,0.00,,97,53,,,,,,,84,79,0.35,526,,,,
DAVIS.C,20190914,2359,0.00,,96,54,,,,,,,83,78,0.32,513,,,,
DAVIS.C,20190915,2359,0.00,,86,55,,,,,,,84,78,0.32,486,,,,
DAVIS.C,20190916,2359,0.03,,86,53,,,,,,,83,78,0.31,481,,,,
DAVIS.C,20190917,2359,0.00,,80,53,,,,,,,82,77,0.32,506,,,,
DAVIS.C,20190918,2359,0.01,,87,54,,,,,,,81,77,0.33,477,,,,
DAVIS.C,20190919,2359,0.02,,88,53,,,,,,,82,76,0.33,466,,,,
DAVIS.C,20190920,2359,0.00,,84,53,,,,,,,82,76,0.32,430,,,,
DAVIS.C,20190921,2359,0.00,,90,54,,,,,,,82,76,0.35,488,,,,
DAVIS.C,20190922,2359,0.00,,88,54,,,,,,,82,76,0.34,454,,,,
DAVIS.C,20190923,2359,0.00,,88,53,,,,,,,81,76,0.30,438,,,,
DAVIS.C,20190924,2359,0.02,,87,53,,,,,,,80,76,0.28,459,,,,
DAVIS.C,20190925,2359,0.02,,87,54,,,,,,,80,75,0.32,446,,,,
DAVIS.C,20190926,2359,0.00,,88,53,,,,,,,80,75,0.29,447,,,,
DAVIS.C,20190927,2359,0.01,,86,53,,,,,,,80,75,0.27,432,,,,
DAVIS.C,20190928,2359,0.00,,87,53,,,,,,,79,74,0.25,440,,,,
DAVIS.C,20190929,2359,0.02,,87,52,,,,,,,79,74,0.28,441,,,,
DAVIS.C,20190930,2359,0.02,,86,52,,,,,,,79,74,0.31,434,,,,
DAVIS.C,20191001,2359,0.00,,84,53,,,,,,,79,74,0.30,417,,,,
DAVIS.C,20191002,2359,0.00,,84,52,,,,,,,78,74,0.29,417,,,,
DAVIS.C,20191003,2359,0.00,,84,50,,,,,,,78,73,0.28,421,,,,
DAVIS.C,20191004,2359,0.01,,81,51,,,,,,,78,73,0.28,399,,,,
DAVIS.C,20191005,2359,0.02,,83,51,,,,,,,78,73,0.27,414,,,,
DAVIS.C,20191006,2359,0.00,,83,50,,,,,,,77,72,0.25,413,,,,
DAVIS.C,20191007,2359,0.01,,84,51,,,,,,,76,72,0.26,420,,,,
DAVIS.C,20191008,2359,0.00,,84,50,,,,,,,76,72,0.28,402,,,,
DAVIS.C,20191009,2359,0.01,,83,50,,,,,,,76,72,0.25,390,,,,
DAVIS.C,20191010,2359,0.01,,77,48,,,,,,,75,71,0.31,421,,,,
DAVIS.C,20191011,2359,0.00,,77,43,,,,,,,75,70,0.27,387,,,,
DAVIS.C,20191012,2359,0.00,,79,41,,,,,,,75,70,0.26,388,,,,
DAVIS.C,20191013,2359,0.00,,79,41,,,,,,,74,69,0.29,376,,,,
DAVIS.C,20191014,2359,0.00,,82,42,,,,,,,74,70,0.25,401,,,,
DAVIS.C,20191015,2359,0.00,,80,40,,,,,,,73,69,0.23,396,,,,
DAVIS.C,20191016,2359,0.00,,75,43,,,,,,,73,69,0.26,280,,,,
DAVIS.C,20191017,2359,0.00,,73,51,,,,,,,72,68,0.24,380,,,,
DAVIS.C,20191018,2359,0.00,,75,45,,,,,,,73,68,0.21,373,,,,
DAVIS.C,20191019,2359,0.03,,79,47,,,,,,,72,67,0.20,331,,,,
DAVIS.C,20191020,2359,0.02,,78,48,,,,,,,72,67,0.21,337,,,,
DAVIS.C,20191021,2359,0.03,,77,48,,,,,,,71,67,0.20,325,,,,
DAVIS.C,20191022,2359,0.00,,85,52,,,,,,,70,67,0.20,368,,,,
DAVIS.C,20191023,2359,0.00,,87,59,,,,,,,70,66,0.18,355,,,,
DAVIS.C,20191024,2359,0.00,,87,55,,,,,,,70,66,0.20,360,,,,
DAVIS.C,20191025,2359,0.00,,87,45,,,,,,,69,66,0.20,352,,,,
DAVIS.C,20191026,2359,0.11,,75,47,,,,,,,68,65,0.21,301,,,,
DAVIS.C,20191027,2359,0.01,,74,47,,,,,,,68,65,0.18,302,,,,
DAVIS.C,20191028,2359,0.00,,70,41,,,,,,,67,64,0.19,357,,,,
DAVIS.C,20191029,2359,0.00,,68,37,,,,,,,67,64,0.18,347,,,,
DAVIS.C,20191030,2359,0.00,,68,44,,,,,,,66,63,0.16,338,,,,
DAVIS.C,20191031,2359,0.00,,71,41,,,,,,,66,62,0.15,342,,,,
DAVIS.C,20191101,2359,0.00,,72,31,,,,,,,66,62,0.16,335,,,,
DAVIS.C,20191102,2359,0.00,,76,37,,,,,,,66,61,0.19,328,,,,
DAVIS.C,20191103,2359,0.00,,77,35,,,,,,,66,62,0.17,317,,,,
DAVIS.C,20191104,2359,0.00,,79,43,,,,,,,65,61,0.15,316,,,,
DAVIS.C,20191105,2359,0.00,,80,38,,,,,,,65,61,0.13,313,,,,
DAVIS.C,20191106,2359,0.08,,70,46,,,,,,,65,62,0.15,239,,,,
DAVIS.C,20191107,2359,0.00,,77,38,,,,,,,64,61,0.17,297,,,,
DAVIS.C,20191108,2359,0.00,,78,40,,,,,,,63,60,0.15,305,,,,
DAVIS.C,20191109,2359,0.00,,81,39,,,,,,,61,59,0.12,305,,,,
DAVIS.C,20191110,2359,0.00,,76,41,,,,,,,61,58,0.12,291,,,,
DAVIS.C,20191111,2359,0.00,,76,42,,,,,,,60,58,0.10,257,,,,
DAVIS.C,20191112,2359,0.00,,74,43,,,,,,,60,57,0.09,246,,,,
DAVIS.C,20191113,2359,0.00,,73,44,,,,,,,59,57,0.11,230,,,,
DAVIS.C,20191114,2359,0.00,,69,52,,,,,,,58,56,0.12,255,,,,
DAVIS.C,20191115,2359,0.00,,68,45,,,,,,,58,56,0.15,269,,,,
DAVIS.C,20191116,2359,0.00,,71,42,,,,,,,57,55,0.10,267,,,,
DAVIS.C,20191117,2359,0.00,,73,40,,,,,,,57,55,0.09,265,,,,
DAVIS.C,20191118,2359,0.00,,76,41,,,,,,,58,54,0.09,267,,,,
DAVIS.C,20191119,2359,0.00,,69,47,,,,,,,57,55,0.11,260,,,,
DAVIS.C,20191120,2359,0.00,,69,50,,,,,,,56,54,0.09,228,,,,
DAVIS.C,20191121,2359,0.00,,65,38,,,,,,,55,54,0.10,249,,,,
DAVIS.C,20191122,2359,0.00,,66,40,,,,,,,56,53,0.11,248,,,,
DAVIS.C,20191123,2359,0.00,,68,35,,,,,,,55,53,0.09,259,,,,
DAVIS.C,20191124,2359,0.00,,67,34,,,,,,,55,52,0.10,253,,,,
DAVIS.C,20191125,2359,0.00,,63,35,,,,,,,54,52,0.09,258,,,,
DAVIS.C,20191126,2359,0.11,,53,43,,,,,,,54,52,0.11,69,,,,
DAVIS.C,20191127,2359,0.00,,53,38,,,,,,,53,51,0.10,215,,,,
DAVIS.C,20191128,2359,0.02,,49,35,,,,,,,53,51,0.09,133,,,,
DAVIS.C,20191129,2359,0.00,,55,30,,,,,,,53,51,0.12,253,,,,
DAVIS.C,20191130,2359,0.12,,50,34,,,,,,,53,50,0.07,57,,,,
DAVIS.C,20191201,2359,0.06,,52,45,,,,,,,53,50,0.09,26,,,,
DAVIS.C,20191202,2359,0.12,,52,45,,,,,,,52,50,0.07,49,,,,
DAVIS.C,20191203,2359,0.00,,62,50,,,,,,,53,50,0.07,194,,,,
DAVIS.C,20191204,2359,0.04,,54,50,,,,,,,52,50,0.06,46,,,,
DAVIS.C,20191205,2359,0.00,,58,52,,,,,,,52,50,0.05,100,,,,
DAVIS.C,20191206,2359,0.06,,64,49,,,,,,,52,50,0.06,167,,,,
DAVIS.C,20191207,2359,0.17,,57,41,,,,,,,52,50,0.06,175,,,,
DAVIS.C,20191208,2359,0.06,,62,50,,,,,,,52,49,0.09,132,,,,
DAVIS.C,20191209,2359,0.00,,61,42,,,,,,,52,50,0.09,229,,,,
DAVIS.C,20191210,2359,0.16,,53,44,,,,,,,51,49,0.07,89,,,,
DAVIS.C,20191211,2359,0.13,,55,50,,,,,,,51,49,0.07,52,,,,
DAVIS.C,20191212,2359,0.00,,65,52,,,,,,,50,48,0.07,129,,,,
DAVIS.C,20191213,2359,0.04,,57,53,,,,,,,50,48,0.05,34,,,,
DAVIS.C,20191214,2359,0.00,,58,45,,,,,,,50,48,0.09,209,,,,
DAVIS.C,20191215,2359,0.00,,55,37,,,,,,,50,48,0.07,225,,,,
DAVIS.C,20191216,2359,0.00,,54,36,,,,,,,49,47,0.06,231,,,,
DAVIS.C,20191217,2359,0.01,,51,36,,,,,,,49,47,0.04,155,,,,
DAVIS.C,20191218,2359,0.21,,51,42,,,,,,,49,46,0.07,110,,,,
DAVIS.C,20191219,2359,0.00,,55,45,,,,,,,49,46,0.06,95,,,,
DAVIS.C,20191220,2359,0.01,,57,41,,,,,,,48,46,0.08,172,,,,
DAVIS.C,20191221,2359,0.00,,53,42,,,,,,,48,46,0.05,91,,,,
DAVIS.C,20191222,2359,0.14,,53,37,,,,,,,47,45,0.05,50,,,,
DAVIS.C,20191223,2359,0.00,,56,38,,,,,,,46,45,0.06,215,,,,
DAVIS.C,20191224,2359,0.00,,49,36,,,,,,,46,44,0.06,179,,,,
DAVIS.C,20191225,2359,0.04,,52,42,,,,,,,46,44,0.06,81,,,,
DAVIS.C,20191226,2359,0.03,,52,34,,,,,,,46,44,0.04,136,,,,
DAVIS.C,20191227,2359,0.07,,52,36,,,,,,,46,44,0.04,124,,,,
DAVIS.C,20191228,2359,0.13,,53,37,,,,,,,47,44,0.05,126,,,,
DAVIS.C,20191229,2359,0.22,,53,37,,,,,,,47,44,0.06,142,,,,
DAVIS.C,20191230,2359,0.23,,52,37,,,,,,,47,45,0.06,126,,,,
DAVIS.C,20191231,2359,0.18,,53,37,,,,,,,47,45,0.04,142,,,,
DAVIS.C,20200101,2359,0.13,,53,37,,,,,,,47,45,0.04,143,,,,
DAVIS.C,20200102,2359,0.00,,63,39,,,,,,,47,45,0.04,219,,,,
DAVIS.C,20200103,2359,0.00,,58,36,,,,,,,47,45,0.04,193,,,,
DAVIS.C,20200104,2359,0.02,,56,41,,,,,,,47,45,0.04,180,,,,
DAVIS.C,20200105,2359,0.00,,61,36,,,,,,,48,45,0.04,237,,,,
DAVIS.C,20200106,2359,0.00,,59,38,,,,,,,47,45,0.06,237,,,,
DAVIS.C,20200107,2359,0.01,,46,34,,,,,,,47,45,0.05,116,,,,
DAVIS.C,20200108,2359,0.01,,47,39,,,,,,,47,45,0.05,69,,,,
DAVIS.C,20200109,2359,0.29,,52,43,,,,,,,48,45,0.04,98,,,,
DAVIS.C,20200110,2359,0.00,,54,34,,,,,,,48,45,0.04,249,,,,
DAVIS.C,20200111,2359,0.00,,59,41,,,,,,,48,46,0.04,234,,,,
DAVIS.C,20200112,2359,0.00,,55,36,,,,,,,48,45,0.06,180,,,,
DAVIS.C,20200113,2359,0.00,,58,37,,,,,,,48,45,0.05,236,,,,
DAVIS.C,20200114,2359,0.04,,57,38,,,,,,,48,45,0.05,238,,,,
DAVIS.C,20200115,2359,0.00,,50,34,,,,,,,48,45,0.05,175,,,,
DAVIS.C,20200116,2359,0.14,,55,38,,,,,,,49,46,0.08,181,,,,
DAVIS.C,20200117,2359,0.00,,46,38,,,,,,,48,46,0.08,128,,,,
 